Community,Isolate1,Isolate2,Isolate1InitialODFreq,Isolate2InitialODFreq,Time,Isolate1MeasuredFreq,ErrorIsolate1MeasuredFreq,RawDataType,Contamination
C1R2,1,2,5,95,T0,0.0628118678354687,0.0175034050160925,ODtoCFU,FALSE
C1R2,1,2,50,50,T0,0.560132291040289,0.0732599714074962,ODtoCFU,FALSE
C1R2,1,2,95,5,T0,0.960309278350515,0.0113332422968747,ODtoCFU,FALSE
C1R2,1,3,5,95,T0,0.0351138293319345,0.00987866515402923,ODtoCFU,FALSE
C1R2,1,3,50,50,T0,0.408788453502203,0.0704669568648244,ODtoCFU,FALSE
C1R2,1,3,95,5,T0,0.929265619291195,0.0191652467084918,ODtoCFU,FALSE
C1R2,1,4,5,95,T0,0.0255481145154075,0.00716677359652283,ODtoCFU,FALSE
C1R2,1,4,50,50,T0,0.332505966587114,0.063892702989417,ODtoCFU,FALSE
C1R2,1,4,95,5,T0,0.904440405089588,0.0248804760972243,ODtoCFU,FALSE
C1R2,2,3,5,95,T0,0.0277840980912654,0.00781162497411313,ODtoCFU,FALSE
C1R2,2,3,50,50,T0,0.351905219340379,0.0659548282107751,ODtoCFU,FALSE
C1R2,2,3,95,5,T0,0.911635014189042,0.0232961187104562,ODtoCFU,FALSE
C1R2,2,4,5,95,T0,0.0201734023043132,0.00564258837571931,ODtoCFU,FALSE
C1R2,2,4,50,50,T0,0.281188959660298,0.0576982976661219,ODtoCFU,FALSE
C1R2,2,4,95,5,T0,0.881411738332423,0.029838056297411,ODtoCFU,FALSE
C1R2,3,4,5,95,T0,0.0365325338257702,0.00983599453088268,ODtoCFU,FALSE
C1R2,3,4,50,50,T0,0.418752515090544,0.0680173871055847,ODtoCFU,FALSE
C1R2,3,4,95,5,T0,0.931918664391633,0.0177299498095663,ODtoCFU,FALSE
C1R4,1,2,5,95,T0,0.0276964411280081,0.00807502049261296,ODtoCFU,FALSE
C1R4,1,2,50,50,T0,0.351164337990685,0.0683223675496048,ODtoCFU,FALSE
C1R4,1,2,95,5,T0,0.911372848392315,0.0242203641115577,ODtoCFU,FALSE
C1R4,1,3,5,95,T0,0.05,NA,OD,FALSE
C1R4,1,3,50,50,T0,0.5,NA,OD,FALSE
C1R4,1,3,95,5,T0,0.95,NA,OD,FALSE
C1R4,1,4,5,95,T0,0.0959803117309272,0.0294196829502814,ODtoCFU,FALSE
C1R4,1,4,50,50,T0,0.668571428571429,0.0751303999939557,ODtoCFU,FALSE
C1R4,1,4,95,5,T0,0.974572555896536,0.00840223509199529,ODtoCFU,FALSE
C1R4,1,5,5,95,T0,0.0682787311492462,0.0206016655389147,ODtoCFU,FALSE
C1R4,1,5,50,50,T0,0.582003546099292,0.0787823822763671,ODtoCFU,FALSE
C1R4,1,5,95,5,T0,0.963576670529162,0.0113657159982421,ODtoCFU,FALSE
C1R4,2,3,5,95,T0,0.05,NA,OD,FALSE
C1R4,2,3,50,50,T0,0.5,NA,OD,FALSE
C1R4,2,3,95,5,T0,0.95,NA,OD,FALSE
C1R4,2,4,5,95,T0,0.163997159834075,0.0452694062358747,ODtoCFU,FALSE
C1R4,2,4,50,50,T0,0.788458083294406,0.055072623241791,ODtoCFU,FALSE
C1R4,2,4,95,5,T0,0.986075664936079,0.00453362322933684,ODtoCFU,FALSE
C1R4,2,5,5,95,T0,0.119254353964656,0.0330367576929962,ODtoCFU,FALSE
C1R4,2,5,50,50,T0,0.720094165125274,0.0633977598948382,ODtoCFU,FALSE
C1R4,2,5,95,5,T0,0.979951872932981,0.00617946992086113,ODtoCFU,FALSE
C1R4,3,4,5,95,T0,0.05,NA,OD,FALSE
C1R4,3,4,50,50,T0,0.5,NA,OD,FALSE
C1R4,3,4,95,5,T0,0.95,NA,OD,FALSE
C1R4,3,5,5,95,T0,0.05,NA,OD,FALSE
C1R4,3,5,50,50,T0,0.5,NA,OD,FALSE
C1R4,3,5,95,5,T0,0.95,NA,OD,FALSE
C1R4,4,5,5,95,T0,0.0350545445841388,0.0119103371696345,ODtoCFU,FALSE
C1R4,4,5,50,50,T0,0.408365284071105,0.0850705863298157,ODtoCFU,FALSE
C1R4,4,5,95,5,T0,0.929150422826804,0.0231792966338542,ODtoCFU,FALSE
C1R6,1,2,5,95,T0,0.0259532743142255,0.00779620143661458,ODtoCFU,FALSE
C1R6,1,2,50,50,T0,0.33610006340423,0.0688148750319617,ODtoCFU,FALSE
C1R6,1,2,95,5,T0,0.90582713990205,0.0263076583435601,ODtoCFU,FALSE
C1R6,1,3,5,95,T0,0.0239224240400124,0.00721609302819942,ODtoCFU,FALSE
C1R6,1,3,50,50,T0,0.317716274700056,0.066991095113469,ODtoCFU,FALSE
C1R6,1,3,95,5,T0,0.898452954835633,0.0281952036407212,ODtoCFU,FALSE
C1R6,1,4,5,95,T0,0.0198584837756975,0.00594768695494012,ODtoCFU,FALSE
C1R6,1,4,50,50,T0,0.277955312568179,0.0613270799759115,ODtoCFU,FALSE
C1R6,1,4,95,5,T0,0.879723278668898,0.0323326198262721,ODtoCFU,FALSE
C1R6,1,5,5,95,T0,0.0335973013488403,0.0102463061133656,ODtoCFU,FALSE
C1R6,1,5,50,50,T0,0.39778667024067,0.0755971438807732,ODtoCFU,FALSE
C1R6,1,5,95,5,T0,0.926200794468286,0.0215705705957621,ODtoCFU,FALSE
C1R6,2,3,5,95,T0,0.0461766914438546,0.0128188048200529,ODtoCFU,FALSE
C1R6,2,3,50,50,T0,0.479121071522366,0.0726338143539895,ODtoCFU,FALSE
C1R6,2,3,95,5,T0,0.945878093817368,0.0148992718051753,ODtoCFU,FALSE
C1R6,2,4,5,95,T0,0.0384812432401661,0.0106324083064753,ODtoCFU,FALSE
C1R6,2,4,50,50,T0,0.431948881789136,0.0705090014020037,ODtoCFU,FALSE
C1R6,2,4,95,5,T0,0.935265419063569,0.0173978670814924,ODtoCFU,FALSE
C1R6,2,5,5,95,T0,0.0642592754510214,0.0179173010249529,ODtoCFU,FALSE
C1R6,2,5,50,50,T0,0.566117187901196,0.0731913945273048,ODtoCFU,FALSE
C1R6,2,5,95,5,T0,0.961226222436383,0.011105674984934,ODtoCFU,FALSE
C1R6,3,4,5,95,T0,0.0416952417427857,0.0115094068281335,ODtoCFU,FALSE
C1R6,3,4,50,50,T0,0.452558182395282,0.0713633438161621,ODtoCFU,FALSE
C1R6,3,4,95,5,T0,0.940144436098054,0.016209212195815,ODtoCFU,FALSE
C1R6,3,5,5,95,T0,0.0694707280827227,0.0193053928983833,ODtoCFU,FALSE
C1R6,3,5,50,50,T0,0.586518377114717,0.0724243475071767,ODtoCFU,FALSE
C1R6,3,5,95,5,T0,0.964223432688084,0.0103020369906822,ODtoCFU,FALSE
C1R6,4,5,5,95,T0,0.0828295693317706,0.0224146231833759,ODtoCFU,FALSE
C1R6,4,5,50,50,T0,0.631796315851226,0.0686374614770196,ODtoCFU,FALSE
C1R6,4,5,95,5,T0,0.970239754801829,0.00851945012622132,ODtoCFU,FALSE
C1R7,1,2,5,95,T0,0.135190459238163,0.0364120725186082,ODtoCFU,FALSE
C1R7,1,2,50,50,T0,0.748120690549018,0.0586871532360592,ODtoCFU,FALSE
C1R7,1,2,95,5,T0,0.982588392978734,0.00532830859702822,ODtoCFU,FALSE
C1R7,1,3,5,95,T0,0.150537634408602,0.0403633906885191,ODtoCFU,FALSE
C1R7,1,3,50,50,T0,0.771014492753623,0.0557274215940772,ODtoCFU,FALSE
C1R7,1,3,95,5,T0,0.984609390220144,0.00478319638392064,ODtoCFU,FALSE
C1R7,1,4,5,95,T0,0.0388048956083513,0.0104516096691707,ODtoCFU,FALSE
C1R7,1,4,50,50,T0,0.434087826381824,0.0688353865119523,ODtoCFU,FALSE
C1R7,1,4,95,5,T0,0.935790891165296,0.0168368393567547,ODtoCFU,FALSE
C1R7,1,5,5,95,T0,0.108603667136812,0.0291165031379801,ODtoCFU,FALSE
C1R7,1,5,50,50,T0,0.698329355608592,0.0633603010609776,ODtoCFU,FALSE
C1R7,1,5,95,5,T0,0.977769179359105,0.0065375604966531,ODtoCFU,FALSE
C1R7,1,6,5,95,T0,0.095352144300576,0.0261973289786194,ODtoCFU,FALSE
C1R7,1,6,50,50,T0,0.66696057090899,0.067459451452331,ODtoCFU,FALSE
C1R7,1,6,95,5,T0,0.974392003406772,0.0075780297564725,ODtoCFU,FALSE
C1R7,1,7,5,95,T0,0.0168136747491137,0.00451239767929472,ODtoCFU,FALSE
C1R7,1,7,50,50,T0,0.245239139839049,0.0505252010886408,ODtoCFU,FALSE
C1R7,1,7,95,5,T0,0.860598742132662,0.0327473600851573,ODtoCFU,FALSE
C1R7,2,3,5,95,T0,0.0563057907988098,0.0181370759007342,ODtoCFU,FALSE
C1R7,2,3,50,50,T0,0.531317494600432,0.0849993837145137,ODtoCFU,FALSE
C1R7,2,3,95,5,T0,0.955632794929462,0.0144722492709681,ODtoCFU,FALSE
C1R7,2,4,5,95,T0,0.0134101135845541,0.00408636610774694,ODtoCFU,FALSE
C1R7,2,4,50,50,T0,0.205248786407767,0.0503825280890736,ODtoCFU,FALSE
C1R7,2,4,95,5,T0,0.830705099205067,0.0434369088629386,ODtoCFU,FALSE
C1R7,2,5,5,95,T0,0.0394035588432303,0.0124008605576793,ODtoCFU,FALSE
C1R7,2,5,50,50,T0,0.43800582712852,0.0806467932872201,ODtoCFU,FALSE
C1R7,2,5,95,5,T0,0.936741609882301,0.0194139251013551,ODtoCFU,FALSE
C1R7,2,6,5,95,T0,0.0342710175212987,0.0109325656916211,ODtoCFU,FALSE
C1R7,2,6,50,50,T0,0.402720060445787,0.0794549618407804,ODtoCFU,FALSE
C1R7,2,6,95,5,T0,0.92759331348752,0.0221858521500448,ODtoCFU,FALSE
C1R7,2,7,5,95,T0,0.00572472042589819,0.00172071763251496,ODtoCFU,FALSE
C1R7,2,7,50,50,T0,0.0986085710741253,0.0268705635411557,ODtoCFU,FALSE
C1R7,2,7,95,5,T0,0.67516890795688,0.0663007912927751,ODtoCFU,FALSE
C1R7,3,4,5,95,T0,0.0118479766117864,0.00366565761266678,ODtoCFU,FALSE
C1R7,3,4,50,50,T0,0.185542168674699,0.0473146004696623,ODtoCFU,FALSE
C1R7,3,4,95,5,T0,0.812326485285952,0.0477328698110108,ODtoCFU,FALSE
C1R7,3,5,5,95,T0,0.0349206349206349,0.0111759950745629,ODtoCFU,FALSE
C1R7,3,5,50,50,T0,0.407407407407407,0.0800619530195294,ODtoCFU,FALSE
C1R7,3,5,95,5,T0,0.928888888888889,0.0219049503461433,ODtoCFU,FALSE
C1R7,3,6,5,95,T0,0.0303535690460306,0.00983884054252415,ODtoCFU,FALSE
C1R7,3,6,50,50,T0,0.37295081967213,0.0781760864294133,ODtoCFU,FALSE
C1R7,3,6,95,5,T0,0.918703506907545,0.0249670908104098,ODtoCFU,FALSE
C1R7,3,7,5,95,T0,0.00505326528381525,0.00154167265148473,ODtoCFU,FALSE
C1R7,3,7,50,50,T0,0.0880070288475617,0.0246109903138242,ODtoCFU,FALSE
C1R7,3,7,95,5,T0,0.647078823596078,0.0700253268320166,ODtoCFU,FALSE
C1R7,4,5,5,95,T0,0.137064071370641,0.0352575390349544,ODtoCFU,FALSE
C1R7,4,5,50,50,T0,0.751111111111111,0.0557262105386997,ODtoCFU,FALSE
C1R7,4,5,95,5,T0,0.982858891949801,0.00502203667134955,ODtoCFU,FALSE
C1R7,4,6,5,95,T0,0.120810535866487,0.0319768355253602,ODtoCFU,FALSE
C1R7,4,6,50,50,T0,0.723054138555207,0.0602856424250296,ODtoCFU,FALSE
C1R7,4,6,95,5,T0,0.98023928894316,0.00583153478838803,ODtoCFU,FALSE
C1R7,4,7,5,95,T0,0.0218083197938055,0.00576026909328281,ODtoCFU,FALSE
C1R7,4,7,50,50,T0,0.297553515923678,0.0564384307510378,ODtoCFU,FALSE
C1R7,4,7,95,5,T0,0.889482293651009,0.0265439634624338,ODtoCFU,FALSE
C1R7,5,6,5,95,T0,0.0435497861394429,0.0133404144959867,ODtoCFU,FALSE
C1R7,5,6,50,50,T0,0.463841987894233,0.0796496346260971,ODtoCFU,FALSE
C1R7,5,6,95,5,T0,0.942651719085426,0.0173138079610494,ODtoCFU,FALSE
C1R7,5,7,5,95,T0,0.00733335977084775,0.00212048361467583,ODtoCFU,FALSE
C1R7,5,7,50,50,T0,0.123086375505606,0.0314409241632441,ODtoCFU,FALSE
C1R7,5,7,95,5,T0,0.727290097606802,0.0577746182403601,ODtoCFU,FALSE
C1R7,6,7,5,95,T0,0.00846699842958189,0.00247095288947707,ODtoCFU,FALSE
C1R7,6,7,50,50,T0,0.139597480495703,0.0353514365068037,ODtoCFU,FALSE
C1R7,6,7,95,5,T0,0.755063303448142,0.0544333461887393,ODtoCFU,FALSE
C2R6,1,2,5,95,T0,0.0689127105666159,0.0203641238836515,ODtoCFU,FALSE
C2R6,1,2,50,50,T0,0.584415584415586,0.0770827218675727,ODtoCFU,FALSE
C2R6,1,2,95,5,T0,0.963923337091319,0.0110368427087289,ODtoCFU,FALSE
C2R6,1,3,5,95,T0,0.0266679924430746,0.00768664591306982,ODtoCFU,FALSE
C2R6,1,3,50,50,T0,0.342353842226195,0.066673467253552,ODtoCFU,FALSE
C2R6,1,3,95,5,T0,0.908180360007129,0.0246941020472537,ODtoCFU,FALSE
C2R6,1,4,5,95,T0,0.10871349829952,0.0334256394539254,ODtoCFU,FALSE
C2R6,1,4,50,50,T0,0.698568198944989,0.0726401619272858,ODtoCFU,FALSE
C2R6,1,4,95,5,T0,0.977793815577639,0.00749031621140812,ODtoCFU,FALSE
C2R6,2,3,5,95,T0,0.0191111396139293,0.00579473454555776,ODtoCFU,FALSE
C2R6,2,3,50,50,T0,0.270172257479601,0.0609520445298184,ODtoCFU,FALSE
C2R6,2,3,95,5,T0,0.875521880315448,0.0336889272299185,ODtoCFU,FALSE
C2R6,2,4,5,95,T0,0.0798140255714839,0.0261591673123945,ODtoCFU,FALSE
C2R6,2,4,50,50,T0,0.622356495468278,0.0837125046709004,ODtoCFU,FALSE
C2R6,2,4,95,5,T0,0.969051745481555,0.0106819912611583,ODtoCFU,FALSE
C2R6,3,4,5,95,T0,0.1898280638293,0.051887833197029,ODtoCFU,FALSE
C2R6,3,4,50,50,T0,0.816574748867441,0.0505339201769457,ODtoCFU,FALSE
C2R6,3,4,95,5,T0,0.988315631645975,0.00389608861235332,ODtoCFU,FALSE
C2R8,1,2,5,95,T0,0.027640872026602,0.00851907217661049,ODtoCFU,FALSE
C2R8,1,2,50,50,T0,0.350693856407089,0.0721757876399718,ODtoCFU,FALSE
C2R8,1,2,95,5,T0,0.911205868929956,0.025645704389952,ODtoCFU,FALSE
C2R8,1,3,5,95,T0,0.130775683779497,0.04683190350769,ODtoCFU,FALSE
C2R8,1,3,50,50,T0,0.740836587775844,0.0791004685188428,ODtoCFU,FALSE
C2R8,1,3,95,5,T0,0.981921007802063,0.00731364224929402,ODtoCFU,FALSE
C2R8,1,4,5,95,T0,0.05,NA,OD,FALSE
C2R8,1,4,50,50,T0,0.5,NA,OD,FALSE
C2R8,1,4,95,5,T0,0.95,NA,OD,FALSE
C2R8,2,3,5,95,T0,0.217869214351798,0.0687044776151816,ODtoCFU,FALSE
C2R8,2,3,50,50,T0,0.841083489515189,0.0538912084129942,ODtoCFU,FALSE
C2R8,2,3,95,5,T0,0.990153568400273,0.00393089297168766,ODtoCFU,FALSE
C2R8,2,4,5,95,T0,0.05,NA,OD,FALSE
C2R8,2,4,50,50,T0,0.5,NA,OD,FALSE
C2R8,2,4,95,5,T0,0.95,NA,OD,FALSE
C2R8,3,4,5,95,T0,0.05,NA,OD,FALSE
C2R8,3,4,50,50,T0,0.5,NA,OD,FALSE
C2R8,3,4,95,5,T0,0.95,NA,OD,FALSE
C4R1,1,2,5,95,T0,0.00753350110402898,0.002133217828182,ODtoCFU,FALSE
C4R1,1,2,50,50,T0,0.126044505405259,0.0314293737877843,ODtoCFU,FALSE
C4R1,1,2,95,5,T0,0.7326372977181,0.0558871983565217,ODtoCFU,FALSE
C4R1,1,3,5,95,T0,0.0616239159483324,0.0181381218153227,ODtoCFU,FALSE
C4R1,1,3,50,50,T0,0.555109747462828,0.0774636283357222,ODtoCFU,FALSE
C4R1,1,3,95,5,T0,0.959525905567604,0.0121814766273896,ODtoCFU,FALSE
C4R1,2,3,5,95,T0,0.312876310793611,0.0664222255424375,ODtoCFU,FALSE
C4R1,2,3,50,50,T0,0.896389151493573,0.0286950933266027,ODtoCFU,FALSE
C4R1,2,3,95,5,T0,0.993953264083793,0.00185691825357624,ODtoCFU,FALSE
C7R1,1,2,5,95,T0,0.0691465682836843,0.0221237289215634,ODtoCFU,FALSE
C7R1,1,2,50,50,T0,0.585299127651886,0.0834294189566141,ODtoCFU,FALSE
C7R1,1,2,95,5,T0,0.964049669985457,0.0119126583050226,ODtoCFU,FALSE
C7R1,1,3,5,95,T0,0.0569652063524961,0.0166188253627992,ODtoCFU,FALSE
C7R1,1,3,50,50,T0,0.534389734117532,0.0769739168547041,ODtoCFU,FALSE
C7R1,1,3,95,5,T0,0.956153159545007,0.0129696632884623,ODtoCFU,FALSE
C7R1,1,4,5,95,T0,0.0614705985203093,0.0177997324869392,ODtoCFU,FALSE
C7R1,1,4,50,50,T0,0.554454107150903,0.0762177634636982,ODtoCFU,FALSE
C7R1,1,4,95,5,T0,0.959422692596529,0.0120113372919226,ODtoCFU,FALSE
C7R1,2,3,5,95,T0,0.0410429154076056,0.0136215348674161,ODtoCFU,FALSE
C7R1,2,3,50,50,T0,0.448486160730396,0.0856040147023202,ODtoCFU,FALSE
C7R1,2,3,95,5,T0,0.939212059741861,0.0197592183431592,ODtoCFU,FALSE
C7R1,2,4,5,95,T0,0.0443482308531056,0.0146364070043308,ODtoCFU,FALSE
C7R1,2,4,50,50,T0,0.468571043589571,0.0859961822390729,ODtoCFU,FALSE
C7R1,2,4,95,5,T0,0.943670420543729,0.0183575771121209,ODtoCFU,FALSE
C7R1,3,4,5,95,T0,0.0539860485858161,0.0158917796640134,ODtoCFU,FALSE
C7R1,3,4,50,50,T0,0.520215802515604,0.0776645683380599,ODtoCFU,FALSE
C7R1,3,4,95,5,T0,0.953706141744675,0.0137382498247313,ODtoCFU,FALSE
C8R4,1,2,5,95,T0,0.16121175216928,0.0407257404807313,ODtoCFU,FALSE
C8R4,1,2,50,50,T0,0.785025945144551,0.0508264775790709,ODtoCFU,FALSE
C8R4,1,2,95,5,T0,0.985791974915487,0.00421831442196253,ODtoCFU,FALSE
C8R4,1,3,5,95,T0,0.039291465378422,0.0106699387961333,ODtoCFU,FALSE
C8R4,1,3,50,50,T0,0.437275985663083,0.0695541631639062,ODtoCFU,FALSE
C8R4,1,3,95,5,T0,0.936565656565657,0.0167932491267406,ODtoCFU,FALSE
C8R4,2,3,5,95,T0,0.0110757121028608,0.00326282340359425,ODtoCFU,FALSE
C8R4,2,3,50,50,T0,0.175458607539067,0.0430968976028081,ODtoCFU,FALSE
C8R4,2,3,95,5,T0,0.8017097544017,0.0473562588227523,ODtoCFU,FALSE
C10R2,1,2,5,95,T0,0.0258279365274239,0.00824332658659573,ODtoCFU,FALSE
C10R2,1,2,50,50,T0,0.33499203821656,0.072985813803064,ODtoCFU,FALSE
C10R2,1,2,95,5,T0,0.905402344413613,0.0280607395490255,ODtoCFU,FALSE
C10R2,1,3,5,95,T0,0.05,NA,OD,FALSE
C10R2,1,3,50,50,T0,0.5,NA,OD,FALSE
C10R2,1,3,95,5,T0,0.95,NA,OD,FALSE
C10R2,2,3,5,95,T0,0.05,NA,OD,FALSE
C10R2,2,3,50,50,T0,0.5,NA,OD,FALSE
C10R2,2,3,95,5,T0,0.95,NA,OD,FALSE
C11R1,1,2,5,95,T0,0.05,NA,OD,FALSE
C11R1,1,2,50,50,T0,0.5,NA,OD,FALSE
C11R1,1,2,95,5,T0,0.95,NA,OD,FALSE
C11R1,1,3,5,95,T0,0.00678467753065564,0.0158037947571221,ODtoCFU,FALSE
C11R1,1,3,50,50,T0,0.114879327612276,0.238469657608766,ODtoCFU,FALSE
C11R1,1,3,95,5,T0,0.711482944252764,0.481420682696352,ODtoCFU,FALSE
C11R1,1,4,5,95,T0,0.00961061572843224,0.00296925905556404,ODtoCFU,FALSE
C11R1,1,4,50,50,T0,0.155671855881288,0.0410026823974057,ODtoCFU,FALSE
C11R1,1,4,95,5,T0,0.777930720266714,0.0538915042775311,ODtoCFU,FALSE
C11R1,1,5,5,95,T0,0.00354530332398576,0.0010290094076821,ODtoCFU,FALSE
C11R1,1,5,50,50,T0,0.0633199701444303,0.0172758868717295,ODtoCFU,FALSE
C11R1,1,5,95,5,T0,0.562249848065852,0.0716909014331419,ODtoCFU,FALSE
C11R1,1,6,5,95,T0,0.00411116802258474,0.0011935598738096,ODtoCFU,FALSE
C11R1,1,6,50,50,T0,0.0727300911768436,0.0196602220952263,ODtoCFU,FALSE
C11R1,1,6,95,5,T0,0.598435240053949,0.0700552801962979,ODtoCFU,FALSE
C11R1,1,7,5,95,T0,0.00388502369577619,0.00112531091340513,ODtoCFU,FALSE
C11R1,1,7,50,50,T0,0.0689908879959251,0.0186773413241912,ODtoCFU,FALSE
C11R1,1,7,95,5,T0,0.584711317563303,0.0706091502313754,ODtoCFU,FALSE
C11R1,1,8,5,95,T0,0.05,NA,OD,FALSE
C11R1,1,8,50,50,T0,0.5,NA,OD,FALSE
C11R1,1,8,95,5,T0,0.95,NA,OD,FALSE
C11R1,1,9,5,95,T0,0.0131929096567589,0.0305421409761757,ODtoCFU,FALSE
C11R1,1,9,50,50,T0,0.202562326869807,0.378950124366949,ODtoCFU,FALSE
C11R1,1,9,95,5,T0,0.828364882992995,0.333545017546346,ODtoCFU,FALSE
C11R1,2,3,5,95,T0,0.05,NA,OD,FALSE
C11R1,2,3,50,50,T0,0.5,NA,OD,FALSE
C11R1,2,3,95,5,T0,0.95,NA,OD,FALSE
C11R1,2,4,5,95,T0,0.05,NA,OD,FALSE
C11R1,2,4,50,50,T0,0.5,NA,OD,FALSE
C11R1,2,4,95,5,T0,0.95,NA,OD,FALSE
C11R1,2,5,5,95,T0,0.05,NA,OD,FALSE
C11R1,2,5,50,50,T0,0.5,NA,OD,FALSE
C11R1,2,5,95,5,T0,0.95,NA,OD,FALSE
C11R1,2,6,5,95,T0,0.05,NA,OD,FALSE
C11R1,2,6,50,50,T0,0.5,NA,OD,FALSE
C11R1,2,6,95,5,T0,0.95,NA,OD,FALSE
C11R1,2,7,5,95,T0,0.05,NA,OD,FALSE
C11R1,2,7,50,50,T0,0.5,NA,OD,FALSE
C11R1,2,7,95,5,T0,0.95,NA,OD,FALSE
C11R1,2,8,5,95,T0,0.05,NA,OD,FALSE
C11R1,2,8,50,50,T0,0.5,NA,OD,FALSE
C11R1,2,8,95,5,T0,0.95,NA,OD,FALSE
C11R1,2,9,5,95,T0,0.05,NA,OD,FALSE
C11R1,2,9,50,50,T0,0.5,NA,OD,FALSE
C11R1,2,9,95,5,T0,0.95,NA,OD,FALSE
C11R1,3,4,5,95,T0,0.069565161628075,0.151846841302225,ODtoCFU,FALSE
C11R1,3,4,50,50,T0,0.586872377992104,0.568795173864387,ODtoCFU,FALSE
C11R1,3,4,95,5,T0,0.964273759969854,0.0808194072510247,ODtoCFU,FALSE
C11R1,3,5,5,95,T0,0.0266815702686067,0.0608557590087645,ODtoCFU,FALSE
C11R1,3,5,50,50,T0,0.342471595957685,0.527684609151959,ODtoCFU,FALSE
C11R1,3,5,95,5,T0,0.90822395999557,0.195324904653445,ODtoCFU,FALSE
C11R1,3,6,5,95,T0,0.0308259686497709,0.0700098932322826,ODtoCFU,FALSE
C11R1,3,6,50,50,T0,0.376683819404528,0.550207213910415,ODtoCFU,FALSE
C11R1,3,6,95,5,T0,0.919885418344994,0.172697566510132,ODtoCFU,FALSE
C11R1,3,7,5,95,T0,0.0291733622988759,0.0663669901436039,ODtoCFU,FALSE
C11R1,3,7,50,50,T0,0.363442676108755,0.542122451362156,ODtoCFU,FALSE
C11R1,3,7,95,5,T0,0.915597983239059,0.181084635821813,ODtoCFU,FALSE
C11R1,3,8,5,95,T0,0.05,NA,OD,FALSE
C11R1,3,8,50,50,T0,0.5,NA,OD,FALSE
C11R1,3,8,95,5,T0,0.95,NA,OD,FALSE
C11R1,3,9,5,95,T0,0.0933878663940027,0.279657180954975,ODtoCFU,FALSE
C11R1,3,9,50,50,T0,0.661835748792274,0.739250984060551,ODtoCFU,FALSE
C11R1,3,9,95,5,T0,0.973812196034419,0.0842341670440944,ODtoCFU,FALSE
C11R1,4,5,5,95,T0,0.0189319836123623,0.00552141663425876,ODtoCFU,FALSE
C11R1,4,5,50,50,T0,0.268283268623846,0.0583568520226789,ODtoCFU,FALSE
C11R1,4,5,95,5,T0,0.874471723321298,0.0326319193758558,ODtoCFU,FALSE
C11R1,4,6,5,95,T0,0.021899737187393,0.00637269219807941,ODtoCFU,FALSE
C11R1,4,6,50,50,T0,0.298448155506632,0.0622915781547957,ODtoCFU,FALSE
C11R1,4,6,95,5,T0,0.889901994657319,0.0291489083669522,ODtoCFU,FALSE
C11R1,4,7,5,95,T0,0.0207154451511372,0.00602072801107976,ODtoCFU,FALSE
C11R1,4,7,50,50,T0,0.286692229189154,0.0606930146825772,ODtoCFU,FALSE
C11R1,4,7,95,5,T0,0.884211932827992,0.0303854735472638,ODtoCFU,FALSE
C11R1,4,8,5,95,T0,0.05,NA,OD,FALSE
C11R1,4,8,50,50,T0,0.5,NA,OD,FALSE
C11R1,4,8,95,5,T0,0.95,NA,OD,FALSE
C11R1,4,9,5,95,T0,0.0676094427855095,0.147935023045218,ODtoCFU,FALSE
C11R1,4,9,50,50,T0,0.579430226943507,0.571880099130006,ODtoCFU,FALSE
C11R1,4,9,95,5,T0,0.963203920408939,0.0831736138321222,ODtoCFU,FALSE
C11R1,5,6,5,95,T0,0.0575522374024894,0.0149568180020961,ODtoCFU,FALSE
C11R1,5,6,50,50,T0,0.537094592124026,0.0685587267546914,ODtoCFU,FALSE
C11R1,5,6,95,5,T0,0.956606832538706,0.0114465481711236,ODtoCFU,FALSE
C11R1,5,7,5,95,T0,0.0545474555485947,0.0141809590500066,ODtoCFU,FALSE
C11R1,5,7,50,50,T0,0.52294545960486,0.0685986866712693,ODtoCFU,FALSE
C11R1,5,7,95,5,T0,0.954186718212408,0.0120203230917498,ODtoCFU,FALSE
C11R1,5,8,5,95,T0,0.05,NA,OD,FALSE
C11R1,5,8,50,50,T0,0.5,NA,OD,FALSE
C11R1,5,8,95,5,T0,0.95,NA,OD,FALSE
C11R1,5,9,5,95,T0,0.165114687769613,0.323136467403643,ODtoCFU,FALSE
C11R1,5,9,50,50,T0,0.789810730041269,0.389141022611497,ODtoCFU,FALSE
C11R1,5,9,95,5,T0,0.986186837749119,0.0319319734467379,ODtoCFU,FALSE
C11R1,6,7,5,95,T0,0.0473696993248167,0.0124199545627212,ODtoCFU,FALSE
C11R1,6,7,50,50,T0,0.485802530636645,0.0687518985470621,ODtoCFU,FALSE
C11R1,6,7,95,5,T0,0.947231736618782,0.0137570092693272,ODtoCFU,FALSE
C11R1,6,8,5,95,T0,0.05,NA,OD,FALSE
C11R1,6,8,50,50,T0,0.5,NA,OD,FALSE
C11R1,6,8,95,5,T0,0.95,NA,OD,FALSE
C11R1,6,9,5,95,T0,0.145628711509523,0.291657168912637,ODtoCFU,FALSE
C11R1,6,9,50,50,T0,0.764071652941676,0.422564701803799,ODtoCFU,FALSE
C11R1,6,9,95,5,T0,0.984008424493178,0.0368866379603514,ODtoCFU,FALSE
C11R1,7,8,5,95,T0,0.05,NA,OD,FALSE
C11R1,7,8,50,50,T0,0.5,NA,OD,FALSE
C11R1,7,8,95,5,T0,0.95,NA,OD,FALSE
C11R1,7,9,5,95,T0,0.152839682929506,0.303503556874512,ODtoCFU,FALSE
C11R1,7,9,50,50,T0,0.774157689966387,0.409823438021261,ODtoCFU,FALSE
C11R1,7,9,95,5,T0,0.984878155110113,0.034909958828891,ODtoCFU,FALSE
C11R1,8,9,5,95,T0,0.05,NA,OD,FALSE
C11R1,8,9,50,50,T0,0.5,NA,OD,FALSE
C11R1,8,9,95,5,T0,0.95,NA,OD,FALSE
C11R2,1,2,5,95,T0,0.274760500430458,0.0778341916979284,ODtoCFU,FALSE
C11R2,1,2,50,50,T0,0.878022631418423,0.0418330607900225,ODtoCFU,FALSE
C11R2,1,2,95,5,T0,0.992741346604596,0.00281466582894351,ODtoCFU,FALSE
C11R2,1,3,5,95,T0,0.0536698346777413,0.0166140982012726,ODtoCFU,FALSE
C11R2,1,3,50,50,T0,0.518665962546208,0.0816654113338142,ODtoCFU,FALSE
C11R2,1,3,95,5,T0,0.953431247322562,0.0145240527847141,ODtoCFU,FALSE
C11R2,1,4,5,95,T0,0.0246547815333883,0.00722314888951683,ODtoCFU,FALSE
C11R2,1,4,50,50,T0,0.324453088754863,0.0658376733330341,ODtoCFU,FALSE
C11R2,1,4,95,5,T0,0.901238078343803,0.0267359803687675,ODtoCFU,FALSE
C11R2,1,5,5,95,T0,0.0341336347774801,0.0102848426431457,ODtoCFU,FALSE
C11R2,1,5,50,50,T0,0.401720070020549,0.0749766505669456,ODtoCFU,FALSE
C11R2,1,5,95,5,T0,0.927313480035433,0.0210270584008021,ODtoCFU,FALSE
C11R2,1,6,5,95,T0,0.0199056325567679,0.0058952900533607,ODtoCFU,FALSE
C11R2,1,6,50,50,T0,0.278441163699523,0.0607108748117385,ODtoCFU,FALSE
C11R2,1,6,95,5,T0,0.879979054566466,0.0319146936389245,ODtoCFU,FALSE
C11R2,1,7,5,95,T0,0.0651787158337375,0.0207485450657161,ODtoCFU,FALSE
C11R2,1,7,50,50,T0,0.569844459328719,0.0834709022799854,ODtoCFU,FALSE
C11R2,1,7,95,5,T0,0.961788408269041,0.0125149155771509,ODtoCFU,FALSE
C11R2,1,8,5,95,T0,0.151314757111794,0.0529792810033606,ODtoCFU,FALSE
C11R2,1,8,50,50,T0,0.772083391026374,0.0725969389593943,ODtoCFU,FALSE
C11R2,1,8,95,5,T0,0.984701017413256,0.00621505621715375,ODtoCFU,FALSE
C11R2,1,9,5,95,T0,0.05,NA,OD,FALSE
C11R2,1,9,50,50,T0,0.5,NA,OD,FALSE
C11R2,1,9,95,5,T0,0.95,NA,OD,FALSE
C11R2,1,10,5,95,T0,0.0949036727721361,0.0677890507112989,ODtoCFU,FALSE
C11R2,1,10,50,50,T0,0.665802291761572,0.175602414407451,ODtoCFU,FALSE
C11R2,1,10,95,5,T0,0.974261679670316,0.0197896244354736,ODtoCFU,FALSE
C11R2,1,11,5,95,T0,0.0383985831969304,0.0116026050032227,ODtoCFU,FALSE
C11R2,1,11,50,50,T0,0.431400238000794,0.0770783246635565,ODtoCFU,FALSE
C11R2,1,11,95,5,T0,0.935129890465166,0.0190617066979976,ODtoCFU,FALSE
C11R2,1,12,5,95,T0,0.0536330648729978,0.0168074709266594,ODtoCFU,FALSE
C11R2,1,12,50,50,T0,0.518485162336201,0.0826715731380672,ODtoCFU,FALSE
C11R2,1,12,95,5,T0,0.953399082188975,0.0147122601171382,ODtoCFU,FALSE
C11R2,2,3,5,95,T0,0.0078172284705254,0.00309695890665916,ODtoCFU,FALSE
C11R2,2,3,50,50,T0,0.130206035097247,0.0452208228373987,ODtoCFU,FALSE
C11R2,2,3,95,5,T0,0.739871483823813,0.0768484670604022,ODtoCFU,FALSE
C11R2,2,4,5,95,T0,0.00349940262011196,0.00131708840706693,ODtoCFU,FALSE
C11R2,2,4,50,50,T0,0.0625487510430041,0.022146789884629,ODtoCFU,FALSE
C11R2,2,4,95,5,T0,0.559028570235977,0.0931081950575971,ODtoCFU,FALSE
C11R2,2,5,5,95,T0,0.00488553449392536,0.00188132742308444,ODtoCFU,FALSE
C11R2,2,5,50,50,T0,0.0853219733909398,0.0302001013454491,ODtoCFU,FALSE
C11R2,2,5,95,5,T0,0.639293460761758,0.0892346532697638,ODtoCFU,FALSE
C11R2,2,6,5,95,T0,0.00281357177574487,0.0010637074999001,ODtoCFU,FALSE
C11R2,2,6,50,50,T0,0.0508810300004127,0.0183089910137907,ODtoCFU,FALSE
C11R2,2,6,95,5,T0,0.504598617183967,0.0947744197255058,ODtoCFU,FALSE
C11R2,2,7,5,95,T0,0.00959321908440887,0.00389882338071652,ODtoCFU,FALSE
C11R2,2,7,50,50,T0,0.155431560396496,0.0538678508884387,ODtoCFU,FALSE
C11R2,2,7,95,5,T0,0.777614530370071,0.0709620852103308,ODtoCFU,FALSE
C11R2,2,8,5,95,T0,0.0241703095289436,0.0111287228698929,ODtoCFU,FALSE
C11R2,2,8,50,50,T0,0.320010381520893,0.102672807519155,ODtoCFU,FALSE
C11R2,2,8,95,5,T0,0.899412600299459,0.042686607084971,ODtoCFU,FALSE
C11R2,2,9,5,95,T0,0.05,NA,OD,FALSE
C11R2,2,9,50,50,T0,0.5,NA,OD,FALSE
C11R2,2,9,95,5,T0,0.95,NA,OD,FALSE
C11R2,2,10,5,95,T0,0.0143575770278767,0.0116287428439804,ODtoCFU,FALSE
C11R2,2,10,50,50,T0,0.216772151898734,0.139515941318803,ODtoCFU,FALSE
C11R2,2,10,95,5,T0,0.840219496449322,0.110318605722961,ODtoCFU,FALSE
C11R2,2,11,5,95,T0,0.00551684884928255,0.0021331345214734,ODtoCFU,FALSE
C11R2,2,11,50,50,T0,0.0953514194957608,0.0335379720227361,ODtoCFU,FALSE
C11R2,2,11,95,5,T0,0.666958704490848,0.0863628093711354,ODtoCFU,FALSE
C11R2,2,12,5,95,T0,0.00781161348743917,0.00312033719155118,ODtoCFU,FALSE
C11R2,2,12,50,50,T0,0.13012403960992,0.0455702601370668,ODtoCFU,FALSE
C11R2,2,12,95,5,T0,0.739732078795059,0.0775107139830988,ODtoCFU,FALSE
C11R2,3,4,5,95,T0,0.022920883608037,0.0069783073247829,ODtoCFU,FALSE
C11R2,3,4,50,50,T0,0.308299743063905,0.0664477232322778,ODtoCFU,FALSE
C11R2,3,4,95,5,T0,0.89438715830769,0.0294327802693793,ODtoCFU,FALSE
C11R2,3,5,5,95,T0,0.0317548206002352,0.00992415038289777,ODtoCFU,FALSE
C11R2,3,5,50,50,T0,0.383906000364026,0.0763431734440541,ODtoCFU,FALSE
C11R2,3,5,95,5,T0,0.922115042912914,0.023181259120206,ODtoCFU,FALSE
C11R2,3,6,5,95,T0,0.0184993933803255,0.00568917010031245,ODtoCFU,FALSE
C11R2,3,6,50,50,T0,0.263684436186938,0.0608344149897873,ODtoCFU,FALSE
C11R2,3,6,95,5,T0,0.871863108413958,0.0350044569883192,ODtoCFU,FALSE
C11R2,3,7,5,95,T0,0.0607724646263282,0.0200040988823344,ODtoCFU,FALSE
C11R2,3,7,50,50,T0,0.551446784367386,0.0866879853240269,ODtoCFU,FALSE
C11R2,3,7,95,5,T0,0.958946413462155,0.0137970668993182,ODtoCFU,FALSE
C11R2,3,8,5,95,T0,0.141969817755384,0.0512580981036777,ODtoCFU,FALSE
C11R2,3,8,50,50,T0,0.758672302909683,0.0770416004505191,ODtoCFU,FALSE
C11R2,3,8,95,5,T0,0.983533977444512,0.00681462515309376,ODtoCFU,FALSE
C11R2,3,9,5,95,T0,0.05,NA,OD,FALSE
C11R2,3,9,50,50,T0,0.5,NA,OD,FALSE
C11R2,3,9,95,5,T0,0.95,NA,OD,FALSE
C11R2,3,10,5,95,T0,0.0886785596871593,0.0641286498362141,ODtoCFU,FALSE
C11R2,3,10,50,50,T0,0.648980625554008,0.180769308803102,ODtoCFU,FALSE
C11R2,3,10,95,5,T0,0.972320688587776,0.021356333107531,ODtoCFU,FALSE
C11R2,3,11,5,95,T0,0.0357335360249663,0.0111972808206832,ODtoCFU,FALSE
C11R2,3,11,50,50,T0,0.413178966049058,0.0787922296169687,ODtoCFU,FALSE
C11R2,3,11,95,5,T0,0.930448543791426,0.0210299432690965,ODtoCFU,FALSE
C11R2,3,12,5,95,T0,0.0499656116896126,0.0162033814506194,ODtoCFU,FALSE
C11R2,3,12,50,50,T0,0.499818949909476,0.0853365485091166,ODtoCFU,FALSE
C11R2,3,12,95,5,T0,0.949965589268682,0.0162245173147998,ODtoCFU,FALSE
C11R2,4,5,5,95,T0,0.0685384129480905,0.0188739832581865,ODtoCFU,FALSE
C11R2,4,5,50,50,T0,0.582994511567999,0.0718738335169791,ODtoCFU,FALSE
C11R2,4,5,95,5,T0,0.963719412506032,0.010336880373557,ODtoCFU,FALSE
C11R2,4,6,5,95,T0,0.0405717903894066,0.0111054878549362,ODtoCFU,FALSE
C11R2,4,6,50,50,T0,0.445510882708585,0.0704777983691497,ODtoCFU,FALSE
C11R2,4,6,95,5,T0,0.938521224715523,0.0164615335239515,ODtoCFU,FALSE
C11R2,4,7,5,95,T0,0.126768206736414,0.0360482223307751,ODtoCFU,FALSE
C11R2,4,7,50,50,T0,0.733919063573046,0.0635924995564153,ODtoCFU,FALSE
C11R2,4,7,95,5,T0,0.981275808128882,0.00598326366779871,ODtoCFU,FALSE
C11R2,4,8,5,95,T0,0.27072554445915,0.0790432495495871,ODtoCFU,FALSE
C11R2,4,8,50,50,T0,0.875827170105099,0.0435401119515183,ODtoCFU,FALSE
C11R2,4,8,95,5,T0,0.992593280549815,0.00294334909478557,ODtoCFU,FALSE
C11R2,4,9,5,95,T0,0.05,NA,OD,FALSE
C11R2,4,9,50,50,T0,0.5,NA,OD,FALSE
C11R2,4,9,95,5,T0,0.95,NA,OD,FALSE
C11R2,4,10,5,95,T0,0.179197005905293,0.115150728406849,ODtoCFU,FALSE
C11R2,4,10,50,50,T0,0.805752209667796,0.122533432898201,ODtoCFU,FALSE
C11R2,4,10,95,5,T0,0.987470745832013,0.00968604464106179,ODtoCFU,FALSE
C11R2,4,11,5,95,T0,0.0767605469436191,0.0211211848935684,ODtoCFU,FALSE
C11R2,4,11,50,50,T0,0.612359495506796,0.0707459315350471,ODtoCFU,FALSE
C11R2,4,11,95,5,T0,0.967757002108723,0.00929967132967926,ODtoCFU,FALSE
C11R2,4,12,5,95,T0,0.105544454149865,0.0298142725708792,ODtoCFU,FALSE
C11R2,4,12,50,50,T0,0.691545799033059,0.0673661418100827,ODtoCFU,FALSE
C11R2,4,12,95,5,T0,0.977062891945097,0.00707768480856914,ODtoCFU,FALSE
C11R2,5,6,5,95,T0,0.0293594178008262,0.0084771131950358,ODtoCFU,FALSE
C11R2,5,6,50,50,T0,0.364959150814003,0.0689426571508065,ODtoCFU,FALSE
C11R2,5,6,95,5,T0,0.916102703085977,0.0228630534221148,ODtoCFU,FALSE
C11R2,5,7,5,95,T0,0.0940703158790859,0.0286647846180416,ODtoCFU,FALSE
C11R2,5,7,50,50,T0,0.663631520317722,0.0750833926580243,ODtoCFU,FALSE
C11R2,5,7,95,5,T0,0.974016304815495,0.00851272747486887,ODtoCFU,FALSE
C11R2,5,8,5,95,T0,0.209817972623555,0.0678291116377757,ODtoCFU,FALSE
C11R2,5,8,50,50,T0,0.83457656149002,0.0564819293051646,ODtoCFU,FALSE
C11R2,5,8,95,5,T0,0.989675475300414,0.00418031656687092,ODtoCFU,FALSE
C11R2,5,9,5,95,T0,0.05,NA,OD,FALSE
C11R2,5,9,50,50,T0,0.5,NA,OD,FALSE
C11R2,5,9,95,5,T0,0.95,NA,OD,FALSE
C11R2,5,10,5,95,T0,0.135067628162792,0.091987475351009,ODtoCFU,FALSE
C11R2,5,10,50,50,T0,0.747922590011934,0.148451931622932,ODtoCFU,FALSE
C11R2,5,10,95,5,T0,0.982570402652332,0.013484855796079,ODtoCFU,FALSE
C11R2,5,11,5,95,T0,0.0561322142424508,0.0164085382819342,ODtoCFU,FALSE
C11R2,5,11,50,50,T0,0.530502764057442,0.077137799822796893,ODtoCFU,FALSE
C11R2,5,11,95,5,T0,0.955493883626103,0.013170254496729,ODtoCFU,FALSE
C11R2,5,12,5,95,T0,0.0778329617153175,0.023459558587971,ODtoCFU,FALSE
C11R2,5,12,50,50,T0,0.615922695782796,0.0773199450901188,ODtoCFU,FALSE
C11R2,5,12,95,5,T0,0.968222905254879,0.0100562538136776,ODtoCFU,FALSE
C11R2,6,7,5,95,T0,0.153032079116379,0.0424231246288689,ODtoCFU,FALSE
C11R2,6,7,50,50,T0,0.774417244548416,0.0571786799565752,ODtoCFU,FALSE
C11R2,6,7,95,5,T0,0.984900257814117,0.00486760127113585,ODtoCFU,FALSE
C11R2,6,8,5,95,T0,0.316020884858477,0.0868295071932216,ODtoCFU,FALSE
C11R2,6,8,50,50,T0,0.897736143637783,0.0368790382594632,ODtoCFU,FALSE
C11R2,6,8,95,5,T0,0.994040307538329,0.00237977859986335,ODtoCFU,FALSE
C11R2,6,9,5,95,T0,0.05,NA,OD,FALSE
C11R2,6,9,50,50,T0,0.5,NA,OD,FALSE
C11R2,6,9,95,5,T0,0.95,NA,OD,FALSE
C11R2,6,10,5,95,T0,0.213665288680384,0.131650430284541,ODtoCFU,FALSE
C11R2,6,10,50,50,T0,0.837734474594791,0.106515671603783,ODtoCFU,FALSE
C11R2,6,10,95,5,T0,0.989908371181661,0.0078277532452768,ODtoCFU,FALSE
C11R2,6,11,5,95,T0,0.0937764443418726,0.0254817898467442,ODtoCFU,FALSE
C11R2,6,11,50,50,T0,0.662860250135944,0.0670089415087109,ODtoCFU,FALSE
C11R2,6,11,95,5,T0,0.973928766662462,0.00761359184910531,ODtoCFU,FALSE
C11R2,6,12,5,95,T0,0.128056007276536,0.0354541250426071,ODtoCFU,FALSE
C11R2,6,12,50,50,T0,0.736174932657266,0.0616701931281781,ODtoCFU,FALSE
C11R2,6,12,95,5,T0,0.981487452606767,0.00576938021396712,ODtoCFU,FALSE
C11R2,7,8,5,95,T0,0.118622190081955,0.0450924636999443,ODtoCFU,FALSE
C11R2,7,8,50,50,T0,0.718876635444346,0.0871620075692476,ODtoCFU,FALSE
C11R2,7,8,95,5,T0,0.979833012006679,0.00852253946914082,ODtoCFU,FALSE
C11R2,7,9,5,95,T0,0.05,NA,OD,FALSE
C11R2,7,9,50,50,T0,0.5,NA,OD,FALSE
C11R2,7,9,95,5,T0,0.95,NA,OD,FALSE
C11R2,7,10,5,95,T0,0.0733457776669442,0.0543151059587334,ODtoCFU,FALSE
C11R2,7,10,50,50,T0,0.600618637196312,0.191696596982201,ODtoCFU,FALSE
C11R2,7,10,95,5,T0,0.966186031492579,0.0261086672198184,ODtoCFU,FALSE
C11R2,7,11,5,95,T0,0.029261170774,0.0096140318028317,ODtoCFU,FALSE
C11R2,7,11,50,50,T0,0.364159201954399,0.0783702321409582,ODtoCFU,FALSE
C11R2,7,11,95,5,T0,0.915836915075655,0.0260886282717119,ODtoCFU,FALSE
C11R2,7,12,5,95,T0,0.0410250855535512,0.0139356836601125,ODtoCFU,FALSE
C11R2,7,12,50,50,T0,0.448374089008917,0.0876106095891231,ODtoCFU,FALSE
C11R2,7,12,95,5,T0,0.939186185463578,0.0202313786482472,ODtoCFU,FALSE
C11R2,8,9,5,95,T0,0.05,NA,OD,FALSE
C11R2,8,9,50,50,T0,0.5,NA,OD,FALSE
C11R2,8,9,95,5,T0,0.95,NA,OD,FALSE
C11R2,8,10,5,95,T0,0.0300234916633243,0.0242410221899792,ODtoCFU,FALSE
C11R2,8,10,50,50,T0,0.370318021201413,0.194099593481111,ODtoCFU,FALSE
C11R2,8,10,95,5,T0,0.917857472112104,0.0627583946931608,ODtoCFU,FALSE
C11R2,8,11,5,95,T0,0.0116504430792878,0.00473080147429045,ODtoCFU,FALSE
C11R2,8,11,50,50,T0,0.182985003821522,0.0614224643099884,ODtoCFU,FALSE
C11R2,8,11,95,5,T0,0.809719059398345,0.0633011151258325,ODtoCFU,FALSE
C11R2,8,12,5,95,T0,0.016454298313904,0.00686056877926902,ODtoCFU,FALSE
C11R2,8,12,50,50,T0,0.24119512906519,0.0775862665570765,ODtoCFU,FALSE
C11R2,8,12,95,5,T0,0.857941941340687,0.0516666122181887,ODtoCFU,FALSE
C11R2,9,10,5,95,T0,0.05,NA,OD,FALSE
C11R2,9,10,50,50,T0,0.5,NA,OD,FALSE
C11R2,9,10,95,5,T0,0.95,NA,OD,FALSE
C11R2,9,11,5,95,T0,0.05,NA,OD,FALSE
C11R2,9,11,50,50,T0,0.5,NA,OD,FALSE
C11R2,9,11,95,5,T0,0.95,NA,OD,FALSE
C11R2,9,12,5,95,T0,0.05,NA,OD,FALSE
C11R2,9,12,50,50,T0,0.5,NA,OD,FALSE
C11R2,9,12,95,5,T0,0.95,NA,OD,FALSE
C11R2,10,11,5,95,T0,0.0196498618729932,0.0151856369407477,ODtoCFU,FALSE
C11R2,10,11,50,50,T0,0.275798228041795,0.157450248697332,ODtoCFU,FALSE
C11R2,10,11,95,5,T0,0.878578625725469,0.0840945931352279,ODtoCFU,FALSE
C11R2,10,12,5,95,T0,0.0276598275513903,0.0213865390363412,ODtoCFU,FALSE
C11R2,10,12,50,50,T0,0.35085441594442,0.181109764427555,ODtoCFU,FALSE
C11R2,10,12,95,5,T0,0.911262896858707,0.064301595083312,ODtoCFU,FALSE
C11R2,11,12,5,95,T0,0.0695046048743129,0.0212786110733577,ODtoCFU,FALSE
C11R2,11,12,50,50,T0,0.586645431763356,0.0797836506705074,ODtoCFU,FALSE
C11R2,11,12,95,5,T0,0.964241502063575,0.0113443745633707,ODtoCFU,FALSE
C11R5,1,2,5,95,T0,0.0198273972582656,0.00598353275969333,ODtoCFU,FALSE
C11R5,1,2,50,50,T0,0.277634644796403,0.0617475845696035,ODtoCFU,FALSE
C11R5,1,2,95,5,T0,0.879554054771029,0.0326170083711642,ODtoCFU,FALSE
C11R5,1,3,5,95,T0,0.0449050291966025,0.0137948665685428,ODtoCFU,FALSE
C11R5,1,3,50,50,T0,0.471824379260742,0.080155751718462,ODtoCFU,FALSE
C11R5,1,3,95,5,T0,0.944360624847642,0.0169003647461098,ODtoCFU,FALSE
C11R5,1,4,5,95,T0,0.0228064697225885,0.0069009837830308,ODtoCFU,FALSE
C11R5,1,4,50,50,T0,0.30720869876499,0.0659034717959766,ODtoCFU,FALSE
C11R5,1,4,95,5,T0,0.893902430667388,0.0293675631761259,ODtoCFU,FALSE
C11R5,1,5,5,95,T0,0.05,NA,OD,FALSE
C11R5,1,5,50,50,T0,0.5,NA,OD,FALSE
C11R5,1,5,95,5,T0,0.95,NA,OD,FALSE
C11R5,2,3,5,95,T0,0.10899617184177,0.0290884101090441,ODtoCFU,FALSE
C11R5,2,3,50,50,T0,0.69918144611187,0.0629975534848855,ODtoCFU,FALSE
C11R5,2,3,95,5,T0,0.97785699939747,0.00648546306389296,ODtoCFU,FALSE
C11R5,2,4,5,95,T0,0.0572477359814965,0.0154681738123399,ODtoCFU,FALSE
C11R5,2,4,50,50,T0,0.535695057607408,0.0712859742908322,ODtoCFU,FALSE
C11R5,2,4,95,5,T0,0.956372613494946,0.0119583007618344,ODtoCFU,FALSE
C11R5,2,5,5,95,T0,0.05,NA,OD,FALSE
C11R5,2,5,50,50,T0,0.5,NA,OD,FALSE
C11R5,2,5,95,5,T0,0.95,NA,OD,FALSE
C11R5,3,4,5,95,T0,0.0254609556032582,0.00747697304713607,ODtoCFU,FALSE
C11R5,3,4,50,50,T0,0.331728097795887,0.0668016718448544,ODtoCFU,FALSE
C11R5,3,4,95,5,T0,0.904136886574381,0.02611785999469,ODtoCFU,FALSE
C11R5,3,5,5,95,T0,0.05,NA,OD,FALSE
C11R5,3,5,50,50,T0,0.5,NA,OD,FALSE
C11R5,3,5,95,5,T0,0.95,NA,OD,FALSE
C11R5,4,5,5,95,T0,0.05,NA,OD,FALSE
C11R5,4,5,50,50,T0,0.5,NA,OD,FALSE
C11R5,4,5,95,5,T0,0.95,NA,OD,FALSE
C1R2,1,2,5,95,T8,1,0,CFU,FALSE
C1R2,1,2,50,50,T8,1,0,CFU,FALSE
C1R2,1,2,95,5,T8,1,0,CFU,FALSE
C1R2,1,3,5,95,T8,0,0,CFU,FALSE
C1R2,1,3,50,50,T8,0,0,CFU,FALSE
C1R2,1,3,95,5,T8,0.897435897435897,0.0280482958681151,CFU,FALSE
C1R2,1,4,5,95,T8,1,0,CFU,FALSE
C1R2,1,4,50,50,T8,1,0,CFU,FALSE
C1R2,1,4,95,5,T8,1,0,CFU,FALSE
C1R2,2,3,5,95,T8,0,0,CFU,FALSE
C1R2,2,3,50,50,T8,0,0,CFU,FALSE
C1R2,2,3,95,5,T8,0,0,CFU,FALSE
C1R2,2,4,5,95,T8,0.6,0.04,CFU,FALSE
C1R2,2,4,50,50,T8,0.634615384615385,0.0472186707515857,CFU,FALSE
C1R2,2,4,95,5,T8,0.855421686746988,0.0386013646974447,CFU,FALSE
C1R2,3,4,5,95,T8,1,0,CFU,FALSE
C1R2,3,4,50,50,T8,1,0,CFU,FALSE
C1R2,3,4,95,5,T8,1,0,CFU,FALSE
C1R4,1,2,5,95,T8,0,0,CFU,FALSE
C1R4,1,2,50,50,T8,0,0,CFU,FALSE
C1R4,1,2,95,5,T8,0,0,CFU,FALSE
C1R4,1,3,5,95,T8,0,0,CFU,FALSE
C1R4,1,3,50,50,T8,0.938461538461539,0.0298074537115856,CFU,FALSE
C1R4,1,3,95,5,T8,0.883333333333333,0.0414438486701295,CFU,FALSE
C1R4,1,4,5,95,T8,0,0,CFU,FALSE
C1R4,1,4,50,50,T8,0,0,CFU,FALSE
C1R4,1,4,95,5,T8,0,0,CFU,FALSE
C1R4,1,5,5,95,T8,0,0,CFU,FALSE
C1R4,1,5,50,50,T8,0,0,CFU,FALSE
C1R4,1,5,95,5,T8,0,0,CFU,FALSE
C1R4,2,3,5,95,T8,1,0,CFU,FALSE
C1R4,2,3,50,50,T8,1,0,CFU,FALSE
C1R4,2,3,95,5,T8,1,0,CFU,FALSE
C1R4,2,4,5,95,T8,0.586700113710212,NA,Sanger,FALSE
C1R4,2,4,50,50,T8,0.606261221913768,NA,Sanger,FALSE
C1R4,2,4,95,5,T8,0.150108649971799,NA,Sanger,FALSE
C1R4,2,5,5,95,T8,0.0613956595787282,NA,Sanger,FALSE
C1R4,2,5,50,50,T8,0.620542409187242,NA,Sanger,FALSE
C1R4,2,5,95,5,T8,0.140972486469392,NA,Sanger,FALSE
C1R4,3,4,5,95,T8,0,0,CFU,FALSE
C1R4,3,4,50,50,T8,0,0,CFU,FALSE
C1R4,3,4,95,5,T8,0,0,CFU,FALSE
C1R4,3,5,5,95,T8,0,0,CFU,FALSE
C1R4,3,5,50,50,T8,0,0,CFU,FALSE
C1R4,3,5,95,5,T8,0,0,CFU,FALSE
C1R4,4,5,5,95,T8,0.916992313910444,NA,Sanger,FALSE
C1R4,4,5,50,50,T8,0.912570031138011,NA,Sanger,FALSE
C1R4,4,5,95,5,T8,0.590874414277007,NA,Sanger,FALSE
C1R6,1,2,5,95,T8,0.0381255789043184,NA,Sanger,FALSE
C1R6,1,2,50,50,T8,0.0404783009983773,NA,Sanger,FALSE
C1R6,1,2,95,5,T8,0,NA,Sanger,FALSE
C1R6,1,3,5,95,T8,0,0,CFU,FALSE
C1R6,1,3,50,50,T8,0,0,CFU,FALSE
C1R6,1,3,95,5,T8,0,0,CFU,FALSE
C1R6,1,4,5,95,T8,0,0,CFU,FALSE
C1R6,1,4,50,50,T8,0,0,CFU,FALSE
C1R6,1,4,95,5,T8,0,0,CFU,FALSE
C1R6,1,5,5,95,T8,0,0,CFU,FALSE
C1R6,1,5,50,50,T8,0,0,CFU,FALSE
C1R6,1,5,95,5,T8,0,0,CFU,FALSE
C1R6,2,3,5,95,T8,1,0,CFU,FALSE
C1R6,2,3,50,50,T8,1,0,CFU,FALSE
C1R6,2,3,95,5,T8,1,0,CFU,FALSE
C1R6,2,4,5,95,T8,1,0,CFU,FALSE
C1R6,2,4,50,50,T8,1,0,CFU,FALSE
C1R6,2,4,95,5,T8,1,0,CFU,FALSE
C1R6,2,5,5,95,T8,0.988605996505043,NA,Sanger,FALSE
C1R6,2,5,50,50,T8,0.750729312902942,NA,Sanger,FALSE
C1R6,2,5,95,5,T8,1,NA,Sanger,FALSE
C1R6,3,4,5,95,T8,0.00746268656716418,0.00743478857580354,CFU,FALSE
C1R6,3,4,50,50,T8,0.471074380165289,0.0453784188446026,CFU,FALSE
C1R6,3,4,95,5,T8,0.0594059405940594,0.0235209775374825,CFU,FALSE
C1R6,3,5,5,95,T8,0,0,CFU,FALSE
C1R6,3,5,50,50,T8,0,0,CFU,FALSE
C1R6,3,5,95,5,T8,0,0,CFU,FALSE
C1R6,4,5,5,95,T8,0,0,CFU,FALSE
C1R6,4,5,50,50,T8,0.0238095238095238,0.0166342412144231,CFU,FALSE
C1R6,4,5,95,5,T8,0.903508771929825,0.0276539821338064,CFU,FALSE
C1R7,1,2,5,95,T8,1,0,CFU,FALSE
C1R7,1,2,50,50,T8,1,0,CFU,FALSE
C1R7,1,2,95,5,T8,1,0,CFU,FALSE
C1R7,1,3,5,95,T8,1,0,CFU,FALSE
C1R7,1,3,50,50,T8,1,0,CFU,FALSE
C1R7,1,3,95,5,T8,1,0,CFU,FALSE
C1R7,1,4,5,95,T8,1,0,CFU,FALSE
C1R7,1,4,50,50,T8,1,0,CFU,FALSE
C1R7,1,4,95,5,T8,1,0,CFU,FALSE
C1R7,1,5,5,95,T8,1,0,CFU,FALSE
C1R7,1,5,50,50,T8,1,0,CFU,FALSE
C1R7,1,5,95,5,T8,1,0,CFU,FALSE
C1R7,1,6,5,95,T8,1,0,CFU,FALSE
C1R7,1,6,50,50,T8,1,0,CFU,FALSE
C1R7,1,6,95,5,T8,1,0,CFU,FALSE
C1R7,1,7,5,95,T8,0.140625,0.0307268217237349,CFU,FALSE
C1R7,1,7,50,50,T8,0.285714285714286,0.0391720355076487,CFU,FALSE
C1R7,1,7,95,5,T8,0.42962962962963003,0.0426048172353643,CFU,FALSE
C1R7,2,3,5,95,T8,0,0,CFU,FALSE
C1R7,2,3,50,50,T8,0,0,CFU,FALSE
C1R7,2,3,95,5,T8,0,0,CFU,FALSE
C1R7,2,4,5,95,T8,0,0,CFU,FALSE
C1R7,2,4,50,50,T8,0,0,CFU,FALSE
C1R7,2,4,95,5,T8,0,0,CFU,FALSE
C1R7,2,5,5,95,T8,0,0,CFU,FALSE
C1R7,2,5,50,50,T8,0,0,CFU,FALSE
C1R7,2,5,95,5,T8,0,0,CFU,FALSE
C1R7,2,6,5,95,T8,0,0,CFU,FALSE
C1R7,2,6,50,50,T8,0,0,CFU,FALSE
C1R7,2,6,95,5,T8,0,0,CFU,FALSE
C1R7,2,7,5,95,T8,0,0,CFU,FALSE
C1R7,2,7,50,50,T8,0,0,CFU,FALSE
C1R7,2,7,95,5,T8,0,0,CFU,FALSE
C1R7,3,4,5,95,T8,0,0,CFU,FALSE
C1R7,3,4,50,50,T8,0,0,CFU,FALSE
C1R7,3,4,95,5,T8,0.285714285714286,0.0492903970958825,CFU,FALSE
C1R7,3,5,5,95,T8,0.25,0.0721687836487032,CFU,FALSE
C1R7,3,5,50,50,T8,0.342857142857143,0.080232897144853,CFU,FALSE
C1R7,3,5,95,5,T8,0.392857142857143,0.0922961863016609,CFU,FALSE
C1R7,3,6,5,95,T8,0.464285714285714,0.0666446452939446,CFU,FALSE
C1R7,3,6,50,50,T8,0.428571428571429,0.0836485776813029,CFU,FALSE
C1R7,3,6,95,5,T8,0.490566037735849,0.0686680558448352,CFU,FALSE
C1R7,3,7,5,95,T8,0,0,CFU,FALSE
C1R7,3,7,50,50,T8,0,0,CFU,FALSE
C1R7,3,7,95,5,T8,0,0,CFU,FALSE
C1R7,4,5,5,95,T8,0.5375,0.0557442541882121,CFU,FALSE
C1R7,4,5,50,50,T8,0.986013986013986,0.00982020373465789,CFU,FALSE
C1R7,4,5,95,5,T8,1,0,CFU,FALSE
C1R7,4,6,5,95,T8,1,0,CFU,FALSE
C1R7,4,6,50,50,T8,1,0,CFU,FALSE
C1R7,4,6,95,5,T8,1,0,CFU,FALSE
C1R7,4,7,5,95,T8,0,0,CFU,FALSE
C1R7,4,7,50,50,T8,0,0,CFU,FALSE
C1R7,4,7,95,5,T8,0,0,CFU,FALSE
C1R7,5,6,5,95,T8,0,0,CFU,FALSE
