"Community","Isolate1","Isolate2","Isolate1Freq","Isolate2Freq","Time","ErrorCellFreq1","CellFreq1"
"C1R2","1","2","5","95","T0",0.023378370552796,0.0693877551020408
"C1R2","1","3","5","95","T0",0.0684748102332456,0.283018867924528
"C1R2","1","4","5","95","T0",0.0168916502295479,0.0513176144244105
"C1R2","2","3","5","95","T0",0.0482419622621475,0.178270042194093
"C1R2","2","4","5","95","T0",0.0415032909001597,0.161463939720129
"C1R2","3","4","5","95","T0",NA,NA
"C1R2","1","2","50","50","T0",0.0868673272667244,0.595505617977528
"C1R2","1","3","50","50","T0",0.0432447560344443,0.849372384937239
"C1R2","1","4","50","50","T0",0.0718331221520024,0.657142857142857
"C1R2","2","3","50","50","T0",0.0519340701247432,0.803827751196172
"C1R2","2","4","50","50","T0",0.0628157259882738,0.717241379310345
"C1R2","3","4","50","50","T0",0.0419048432282299,0.837837837837838
"C1R2","1","2","95","5","T0",0.00754528222667729,0.977941176470588
"C1R2","1","3","95","5","T0",0.00534137134700268,0.98406374501992
"C1R2","1","4","95","5","T0",0.00543250500764601,0.982274741506647
"C1R2","2","3","95","5","T0",0.00359551706372028,0.988942826321467
"C1R2","2","4","95","5","T0",0.0077353948056006,0.974660074165637
"C1R2","3","4","95","5","T0",0.00298350400176645,0.990228013029316
"C1R4","1","2","5","95","T0",0.0837895813987189,0.247848537005164
"C1R4","1","3","5","95","T0",0.0351575453471451,0.08
"C1R4","1","4","5","95","T0",0.0409212918042217,0.109979633401222
"C1R4","1","5","5","95","T0",0.0396815606631917,0.10082304526749
"C1R4","2","3","5","95","T0",0.0282788324037016,0.0952380952380952
"C1R4","2","4","5","95","T0",NA,NA
"C1R4","2","5","5","95","T0",NA,NA
"C1R4","3","4","5","95","T0",0.0130590904139838,0.0392452830188679
"C1R4","3","5","5","95","T0",NA,NA
"C1R4","4","5","5","95","T0",NA,NA
"C1R4","1","2","50","50","T0",0.0648024750992219,0.825757575757576
"C1R4","1","3","50","50","T0",0.0900747197513757,0.738636363636364
"C1R4","1","4","50","50","T0",0.098686614032372,0.634920634920635
"C1R4","1","5","50","50","T0",0.0829367833714684,0.741573033707865
"C1R4","2","3","50","50","T0",0.080731728681388,0.590604026845638
"C1R4","2","4","50","50","T0",NA,NA
"C1R4","2","5","50","50","T0",NA,NA
"C1R4","3","4","50","50","T0",0.0865438577703235,0.37962962962963
"C1R4","3","5","50","50","T0",0.0865640966886461,0.407079646017699
"C1R4","4","5","50","50","T0",NA,NA
"C1R4","1","2","95","5","T0",0.00572290407577421,0.987150837988827
"C1R4","1","3","95","5","T0",0.00906444045120481,0.980223559759243
"C1R4","1","4","95","5","T0",0.0131476453859717,0.96831955922865
"C1R4","1","5","95","5","T0",0.00497500633902191,0.988271290158083
"C1R4","2","3","95","5","T0",0.00978821901127969,0.969484742371186
"C1R4","2","4","95","5","T0",NA,NA
"C1R4","2","5","95","5","T0",NA,NA
"C1R4","3","4","95","5","T0",0.0699637900332204,0.843457943925234
"C1R4","3","5","95","5","T0",0.0145477747558571,0.953920220082531
"C1R4","4","5","95","5","T0",NA,NA
"C1R6","1","2","5","95","T0",NA,NA
"C1R6","1","3","5","95","T0",0.0322727910368166,0.0936395759717314
"C1R6","1","4","5","95","T0",0.0560462119554795,0.153465346534653
"C1R6","1","5","5","95","T0",0.0330060483522493,0.088809946714032
"C1R6","2","3","5","95","T0",0.0184028158086349,0.0618828176431863
"C1R6","2","4","5","95","T0",0.0231913280219474,0.0782664941785252
"C1R6","2","5","5","95","T0",0.0167373852494524,0.0544127405441274
"C1R6","3","4","5","95","T0",0.0516883044688929,0.163814180929095
"C1R6","3","5","5","95","T0",0.0233358628462328,0.0668485675306958
"C1R6","4","5","5","95","T0",0.0135087659690602,0.0412224591329069
"C1R6","1","2","50","50","T0",0.0839009230393367,0.742857142857143
"C1R6","1","3","50","50","T0",0.106243047575941,0.470588235294118
"C1R6","1","4","50","50","T0",0.0637839059582345,0.818791946308725
"C1R6","1","5","50","50","T0",0.0870426750318331,0.686046511627907
"C1R6","2","3","50","50","T0",0.078083573534293,0.558823529411765
"C1R6","2","4","50","50","T0",0.0847029055306317,0.464285714285714
"C1R6","2","5","50","50","T0",NA,NA
"C1R6","3","4","50","50","T0",0.0667909686791404,0.770700636942675
"C1R6","3","5","50","50","T0",0.0856356147596779,0.628865979381443
"C1R6","4","5","50","50","T0",0.0807374047333475,0.541935483870968
"C1R6","1","2","95","5","T0",0.00771827873214218,0.982107355864811
"C1R6","1","3","95","5","T0",0.0140096002133947,0.963013698630137
"C1R6","1","4","95","5","T0",0.00470258761389652,0.988934426229508
"C1R6","1","5","95","5","T0",0.0121954401925235,0.969387755102041
"C1R6","2","3","95","5","T0",0.0128085009824473,0.957983193277311
"C1R6","2","4","95","5","T0",0.00851985276101074,0.972577696526508
"C1R6","2","5","95","5","T0",NA,NA
"C1R6","3","4","95","5","T0",0.00685699748306514,0.981585677749361
"C1R6","3","5","95","5","T0",0.0065431151656108,0.981404958677686
"C1R6","4","5","95","5","T0",0.00977535926851263,0.968261063924899
"C1R7","1","2","5","95","T0",0.0252004045143568,0.0869925434962718
"C1R7","1","3","5","95","T0",0.0290433237520863,0.0974610974610974
"C1R7","1","4","5","95","T0",0.037845867699247,0.127474267616785
"C1R7","1","5","5","95","T0",0.0282348885676745,0.095980311730927
"C1R7","1","6","5","95","T0",0.0352696069805623,0.120510774142059
"C1R7","1","7","5","95","T0",0.0299388350180264,0.104065040650407
"C1R7","2","3","5","95","T0",0.0203428372681628,0.0514372163388805
"C1R7","2","4","5","95","T0",0.0618916153356032,0.181462140992167
"C1R7","2","5","5","95","T0",0.0389636874176629,0.118143459915612
"C1R7","2","6","5","95","T0",0.0241014001832498,0.061377245508982
"C1R7","2","7","5","95","T0",0.0440079467281079,0.141095890410959
"C1R7","3","4","5","95","T0",0.0282806792839359,0.0932452276064611
"C1R7","3","5","5","95","T0",0.0106070183933339,0.028324154209284
"C1R7","3","6","5","95","T0",0.0146306839189042,0.0433772269558482
"C1R7","3","7","5","95","T0",0.0250129271060603,0.0858623242042931
"C1R7","4","5","5","95","T0",0.0133849469868075,0.0428724544480171
"C1R7","4","6","5","95","T0",0.0198521420084496,0.0673629242819843
"C1R7","4","7","5","95","T0",0.0215691258109743,0.0755693581780538
"C1R7","5","6","5","95","T0",0.0176188606914993,0.0517560073937153
"C1R7","5","7","5","95","T0",0.0298676946089404,0.102362204724409
"C1R7","6","7","5","95","T0",0.0234593620675735,0.0814249363867685
"C1R7","1","2","50","50","T0",0.0645509352062385,0.71
"C1R7","1","3","50","50","T0",0.0795358210026744,0.610738255033557
"C1R7","1","4","50","50","T0",0.0843117388381179,0.591549295774648
"C1R7","1","5","50","50","T0",0.0791044443663324,0.602739726027397
"C1R7","1","6","50","50","T0",0.0806892738852106,0.610738255033557
"C1R7","1","7","50","50","T0",0.0678134373089199,0.696335078534031
"C1R7","2","3","50","50","T0",0.0959013360663926,0.597560975609756
"C1R7","2","4","50","50","T0",0.0559595447913891,0.839805825242719
"C1R7","2","5","50","50","T0",0.101137452579557,0.507462686567164
"C1R7","2","6","50","50","T0",0.102252665587938,0.565789473684211
"C1R7","2","7","50","50","T0",0.0660425404753523,0.760869565217391
"C1R7","3","4","50","50","T0",0.0818166510313538,0.59375
"C1R7","3","5","50","50","T0",0.0885329599640721,0.35
"C1R7","3","6","50","50","T0",0.0900421290285831,0.35
"C1R7","3","7","50","50","T0",0.0675215579800763,0.69047619047619
"C1R7","4","5","50","50","T0",0.0742674909164498,0.60337552742616
"C1R7","4","6","50","50","T0",0.0749543976711938,0.606694560669456
"C1R7","4","7","50","50","T0",0.0743557106952771,0.598290598290598
"C1R7","5","6","50","50","T0",0.0913517276185893,0.475728155339806
"C1R7","5","7","50","50","T0",0.0649262796405422,0.721649484536082
"C1R7","6","7","50","50","T0",0.0705692010812591,0.654545454545455
"C1R7","1","2","95","5","T0",0.00689041989017963,0.977562862669246
"C1R7","1","3","95","5","T0",0.00894396960293842,0.972262075561932
"C1R7","1","4","95","5","T0",0.00946254528392615,0.971748660496834
"C1R7","1","5","95","5","T0",0.00981332779843154,0.969181721572795
"C1R7","1","6","95","5","T0",0.0071125538049877,0.978203682826005
"C1R7","1","7","95","5","T0",0.0069313518962311,0.977887914601601
"C1R7","2","3","95","5","T0",0.0220666047595584,0.945273631840796
"C1R7","2","4","95","5","T0",0.00538423971943742,0.986915146708961
"C1R7","2","5","95","5","T0",0.0133159113418534,0.964362850971922
"C1R7","2","6","95","5","T0",0.0110912097978535,0.971867007672634
"C1R7","2","7","95","5","T0",0.00477642257548392,0.986612576064909
"C1R7","3","4","95","5","T0",0.0128650725068637,0.960866947621914
"C1R7","3","5","95","5","T0",0.0413106783918616,0.891122278056951
"C1R7","3","6","95","5","T0",0.0202763450076333,0.939365671641791
"C1R7","3","7","95","5","T0",0.0149526506596921,0.952761627906977
"C1R7","4","5","95","5","T0",0.00851712251730995,0.971558245083207
"C1R7","4","6","95","5","T0",0.00820169274169113,0.972957422324511
"C1R7","4","7","95","5","T0",0.0108876709718734,0.963608207510647
"C1R7","5","6","95","5","T0",0.0165024618010334,0.95169946332737
"C1R7","5","7","95","5","T0",0.00716277419498653,0.97741530740276
"C1R7","6","7","95","5","T0",0.00815131340222522,0.973154362416107
"C2R6","2","3","5","95","T0",0.00341297180612569,0.00750798722044728
"C2R6","2","4","5","95","T0",0.00346936396805424,0.00814176245210728
"C2R6","3","4","5","95","T0",0.00197887254905064,0.000957360630385154
"C2R6","2","3","50","50","T0",0.0552197711696794,0.235981308411215
"C2R6","2","4","50","50","T0",0.0499684124749643,0.0865921787709497
"C2R6","3","4","50","50","T0",0.0362734874093344,0.0192307692307692
"C2R6","2","3","95","5","T0",0.126688748627469,0.670362903225806
"C2R6","2","4","95","5","T0",0.221455522645507,0.549586776859504
"C2R6","3","4","95","5","T0",0.143148873995252,0.570913461538462
"C2R8","2","3","5","95","T0",0.00240118865494292,0.00388699279484262
"C2R8","2","4","5","95","T0",0.00235032975242405,0.00322550042690447
"C2R8","3","4","5","95","T0",NA,NA
"C2R8","2","3","50","50","T0",0.0398473822227316,0.0627118644067797
"C2R8","2","4","50","50","T0",0.0398785049975996,0.0595238095238095
"C2R8","3","4","50","50","T0",NA,NA
"C2R8","2","3","95","5","T0",0.1250117973892,0.627358490566038
"C2R8","2","4","95","5","T0",0.154502646195194,0.578827113480579
"C2R8","3","4","95","5","T0",NA,NA
"C4R1","1","2","5","95","T0",0.150918866888875,0.418367346938776
"C4R1","1","3","5","95","T0",NA,NA
"C4R1","2","3","5","95","T0",0.0215462828412534,0.0715909090909091
"C4R1","1","2","50","50","T0",0.0467996572816595,0.917808219178082
"C4R1","1","3","50","50","T0",NA,NA
"C4R1","2","3","50","50","T0",0.056948118468941,0.758426966292135
"C4R1","1","2","95","5","T0",0.00551051932273788,0.991058122205663
"C4R1","1","3","95","5","T0",NA,NA
"C4R1","2","3","95","5","T0",0.00548378948422711,0.982075864943726
"C7R1","2","3","5","95","T0",0.00401862895189661,0.0127813281467074
"C7R1","2","4","5","95","T0",0.00513885005112082,0.0189148143034654
"C7R1","3","4","5","95","T0",NA,NA
"C7R1","2","3","50","50","T0",0.0477015166328015,0.134259259259259
"C7R1","2","4","50","50","T0",0.0474224245510762,0.126168224299065
"C7R1","3","4","50","50","T0",NA,NA
"C7R1","2","3","95","5","T0",0.0681168701254642,0.767557489123679
"C7R1","2","4","95","5","T0",0.03019683985604,0.875166889185581
"C7R1","3","4","95","5","T0",NA,NA
"C8R4","2","3","5","95","T0",0.00791954628184405,0.0300572519083969
"C8R4","2","3","50","50","T0",0.0586438359526781,0.189393939393939
"C8R4","2","3","95","5","T0",0.0207976272519258,0.916731517509728
"C10R2","2","3","5","95","T0",0.0022666508162654,0.00422782386726228
"C10R2","2","3","50","50","T0",0.0407149177885012,0.142297650130548
"C10R2","2","3","95","5","T0",0.111346778360408,0.638215859030837
"C11R1","1","2","5","95","T0",0.164926371475458,0.407932011331445
"C11R1","1","3","5","95","T0",0.123359574020466,0.18359375
"C11R1","1","4","5","95","T0",NA,NA
"C11R1","1","5","5","95","T0",0.193276429307329,0.488997555012225
"C11R1","1","6","5","95","T0",0.236443667642701,0.486486486486487
"C11R1","1","7","5","95","T0",0.200519311242218,0.330128205128205
"C11R1","1","8","5","95","T0",0.182900852690918,0.39067055393586
"C11R1","1","9","5","95","T0",0.178837690920995,0.27681660899654
"C11R1","2","3","5","95","T0",0.0207013045349503,0.0602150537634409
"C11R1","2","4","5","95","T0",0.0171279125267392,0.05
"C11R1","2","5","5","95","T0",0.0316064399019095,0.10174717368962
"C11R1","2","6","5","95","T0",0.0303121494613796,0.0895833333333333
"C11R1","2","7","5","95","T0",0.0210527490378175,0.0592034445640474
"C11R1","2","8","5","95","T0",NA,NA
"C11R1","2","9","5","95","T0",0.0077529925488043,0.00114285714285714
"C11R1","3","4","5","95","T0",0.00816135978545291,0.0181950509461426
"C11R1","3","5","5","95","T0",0.0193173738315186,0.0631944444444444
"C11R1","3","6","5","95","T0",0.0192519668676493,0.0605849582172702
"C11R1","3","7","5","95","T0",0.0218528926972733,0.0709366391184573
"C11R1","3","8","5","95","T0",0.0134492351359567,0.0405405405405405
"C11R1","3","9","5","95","T0",0.0135463901584917,0.0398576512455516
"C11R1","4","5","5","95","T0",0.0311929422825813,0.101477832512315
"C11R1","4","6","5","95","T0",0.029674550590808,0.0889110889110889
"C11R1","4","7","5","95","T0",0.0255834064989276,0.0759878419452888
"C11R1","4","8","5","95","T0",0.0231111300818715,0.0712830957230143
"C11R1","4","9","5","95","T0",0.0134949552007887,0.0338983050847458
"C11R1","5","6","5","95","T0",0.0252849894224604,0.0804059328649493
"C11R1","5","7","5","95","T0",0.0238721288297906,0.076078431372549
"C11R1","5","8","5","95","T0",0.0328278433317022,0.114951164537941
"C11R1","5","9","5","95","T0",0.0293752117335048,0.0973180076628353
"C11R1","6","7","5","95","T0",0.0128553231137874,0.0402061855670103
"C11R1","6","8","5","95","T0",0.01847573407533,0.0629089079013588
"C11R1","6","9","5","95","T0",0.0147430427885298,0.0475703324808184
"C11R1","7","8","5","95","T0",0.0161757834705376,0.0531914893617021
"C11R1","7","9","5","95","T0",0.0161441637401271,0.0521300448430493
"C11R1","8","9","5","95","T0",NA,NA
"C11R1","1","2","50","50","T0",NA,NA
"C11R1","1","3","50","50","T0",NA,NA
"C11R1","1","4","50","50","T0",NA,NA
"C11R1","1","5","50","50","T0",0.0822948208417078,0.879120879120879
"C11R1","1","6","50","50","T0",0.136689806814534,0.825396825396825
"C11R1","1","7","50","50","T0",0.0738312326687292,0.910569105691057
"C11R1","1","8","50","50","T0",0.0384737053581798,0.947115384615385
"C11R1","1","9","50","50","T0",0.0977177998183697,0.875
"C11R1","2","3","50","50","T0",0.0909103977630766,0.544554455445544
"C11R1","2","4","50","50","T0",0.0894893494230994,0.51063829787234
"C11R1","2","5","50","50","T0",0.0823313184888385,0.622950819672131
"C11R1","2","6","50","50","T0",0.0906546159650422,0.596491228070175
"C11R1","2","7","50","50","T0",0.0947331014093994,0.530612244897959
"C11R1","2","8","50","50","T0",NA,NA
"C11R1","2","9","50","50","T0",NA,NA
"C11R1","3","4","50","50","T0",0.0888091616295991,0.236559139784946
"C11R1","3","5","50","50","T0",0.0839516004259446,0.492857142857143
"C11R1","3","6","50","50","T0",0.0865680603050162,0.492857142857143
"C11R1","3","7","50","50","T0",0.0869396067373418,0.462121212121212
"C11R1","3","8","50","50","T0",0.0865152363013222,0.387931034482759
"C11R1","3","9","50","50","T0",0.0881745736567701,0.382608695652174
"C11R1","4","5","50","50","T0",0.0850340870692312,0.586206896551724
"C11R1","4","6","50","50","T0",0.0947353870783873,0.529411764705882
"C11R1","4","7","50","50","T0",0.0844134516344886,0.630769230769231
"C11R1","4","8","50","50","T0",0.0899347190800082,0.52
"C11R1","4","9","50","50","T0",0.0979479868884456,0.428571428571429
"C11R1","5","6","50","50","T0",0.0857086250880597,0.560283687943262
"C11R1","5","7","50","50","T0",0.0844342040927414,0.566433566433566
"C11R1","5","8","50","50","T0",0.0723964691023039,0.664864864864865
"C11R1","5","9","50","50","T0",0.0876952178652713,0.507936507936508
"C11R1","6","7","50","50","T0",0.0820559015552923,0.350993377483444
"C11R1","6","8","50","50","T0",0.0803599662050471,0.48421052631579
"C11R1","6","9","50","50","T0",0.0822534792889185,0.420118343195266
"C11R1","7","8","50","50","T0",0.0765712684679633,0.582159624413146
"C11R1","7","9","50","50","T0",0.0832771809615693,0.450617283950617
"C11R1","8","9","50","50","T0",0.124050357815511,0.0161290322580645
"C11R1","1","2","95","5","T0",0.00218182111625373,0.996793937627514
"C11R1","1","3","95","5","T0",0.0125123113840893,0.984593837535014
"C11R1","1","4","95","5","T0",NA,NA
"C11R1","1","5","95","5","T0",0.00733842741210168,0.990443092962641
"C11R1","1","6","95","5","T0",0.00552855152972426,0.994127068873465
"C11R1","1","7","95","5","T0",0.00759630528224548,0.991557943207982
"C11R1","1","8","95","5","T0",0.00427210780691736,0.994410569105691
"C11R1","1","9","95","5","T0",0.00905778596509827,0.989767441860465
"C11R1","2","3","95","5","T0",0.0170496361110701,0.951983298538622
"C11R1","2","4","95","5","T0",0.0231084943964872,0.935302390998594
"C11R1","2","5","95","5","T0",0.0071317070995976,0.978840846366145
"C11R1","2","6","95","5","T0",0.0113384414887886,0.968728755948334
"C11R1","2","7","95","5","T0",0.00648101418344125,0.981717011128776
"C11R1","2","8","95","5","T0",NA,NA
"C11R1","2","9","95","5","T0",NA,NA
"C11R1","3","4","95","5","T0",0.238174387761946,0.681614349775785
"C11R1","3","5","95","5","T0",0.00806818417278459,0.974002196997437
"C11R1","3","6","95","5","T0",0.0140016281377726,0.956917475728155
"C11R1","3","7","95","5","T0",0.0106888229725038,0.966556759302873
"C11R1","3","8","95","5","T0",0.0355888702556772,0.900976290097629
"C11R1","3","9","95","5","T0",0.0215729182859396,0.935278030993619
"C11R1","4","5","95","5","T0",0.00687298086105479,0.979381443298969
"C11R1","4","6","95","5","T0",0.00835096063012134,0.976505139500734
"C11R1","4","7","95","5","T0",0.00758607155771894,0.978319783197832
"C11R1","4","8","95","5","T0",0.0345375857808087,0.911439114391144
"C11R1","4","9","95","5","T0",0.0180099381804572,0.95
"C11R1","5","6","95","5","T0",0.010913041395661,0.96712619300106
"C11R1","5","7","95","5","T0",0.00788977568243263,0.975875486381323
"C11R1","5","8","95","5","T0",0.0177826224788577,0.94585152838428
"C11R1","5","9","95","5","T0",0.0112327536488093,0.965745856353591
"C11R1","6","7","95","5","T0",0.0162241754709449,0.947453083109919
"C11R1","6","8","95","5","T0",0.0179491369103262,0.941492537313433
"C11R1","6","9","95","5","T0",0.0147736155984294,0.951866404715128
"C11R1","7","8","95","5","T0",0.0222873943625107,0.929755327545383
"C11R1","7","9","95","5","T0",0.0157659032873217,0.949460533787621
"C11R1","8","9","95","5","T0",1.41564717709588,0.2375
"C11R2","1","2","5","95","T0",0.0591927800973342,0.126436781609195
"C11R2","1","3","5","95","T0",0.0471138015283397,0.12037037037037
"C11R2","1","4","5","95","T0",0.0882278522442633,0.241516966067864
"C11R2","1","5","5","95","T0",0.0470677766678195,0.114219114219114
"C11R2","1","6","5","95","T0",0.091967614075222,0.24901185770751
"C11R2","1","7","5","95","T0",0.0942393305713261,0.29368029739777
"C11R2","1","8","5","95","T0",0.116764300186253,0.314079422382671
"C11R2","1","9","5","95","T0",0.0502240533502774,0.114219114219114
"C11R2","1","10","5","95","T0",0.0390101429628065,0.0865384615384615
"C11R2","1","11","5","95","T0",0.0456944518078146,0.107981220657277
"C11R2","1","12","5","95","T0",0.0391538828032795,0.0909090909090909
"C11R2","2","3","5","95","T0",0.00657373517667191,0.0100200400801603
"C11R2","2","4","5","95","T0",0.0191496579617711,0.063802905874921
"C11R2","2","5","5","95","T0",0.0122338355591954,0.037037037037037
"C11R2","2","6","5","95","T0",0.0192108087977348,0.063802905874921
"C11R2","2","7","5","95","T0",0.00921834083268704,0.0243581303489138
"C11R2","2","8","5","95","T0",NA,NA
"C11R2","2","9","5","95","T0",0.0426279078446218,0.164128595600677
"C11R2","2","10","5","95","T0",0.045366460766994,0.178492239467849
"C11R2","2","11","5","95","T0",0.0131947634094021,0.0407766990291262
"C11R2","2","12","5","95","T0",0.00676198416990617,0.0113408939292862
"C11R2","3","4","5","95","T0",0.0427900948408749,0.143776824034335
"C11R2","3","5","5","95","T0",NA,NA
"C11R2","3","6","5","95","T0",NA,NA
"C11R2","3","7","5","95","T0",NA,NA
"C11R2","3","8","5","95","T0",0.0371522334990754,0.113333333333333
"C11R2","3","9","5","95","T0",0.0183395468719251,0.0511296076099881
"C11R2","3","10","5","95","T0",0.0194370511062078,0.0556213017751479
"C11R2","3","11","5","95","T0",0.0173950406092737,0.0488676996424315
"C11R2","3","12","5","95","T0",0.0206664108619337,0.0611764705882353
"C11R2","4","5","5","95","T0",0.0276671022035845,0.0944946589975349
"C11R2","4","6","5","95","T0",0.0262572338668582,0.0869925434962718
"C11R2","4","7","5","95","T0",0.0281794168168834,0.0967213114754098
"C11R2","4","8","5","95","T0",0.0239203538348946,0.075503355704698
"C11R2","4","9","5","95","T0",0.0211925322038942,0.0676818950930626
"C11R2","4","10","5","95","T0",0.0251058726018196,0.0831946755407654
"C11R2","4","11","5","95","T0",0.0159122712067939,0.0483592400690846
"C11R2","4","12","5","95","T0",0.0326759492094341,0.114859437751004
"C11R2","5","6","5","95","T0",0.0316712687318111,0.103946102021174
"C11R2","5","7","5","95","T0",0.0249948892971321,0.0809476801579467
"C11R2","5","8","5","95","T0",0.0156119606147546,0.0421810699588477
"C11R2","5","9","5","95","T0",0.0182642745406236,0.0538617886178862
"C11R2","5","10","5","95","T0",0.0224684327436856,0.0699300699300699
"C11R2","5","11","5","95","T0",0.0179958066910414,0.0538617886178862
"C11R2","5","12","5","95","T0",0.023168663489076,0.0736318407960199
"C11R2","6","7","5","95","T0",0.0231087111181244,0.0775254502740799
"C11R2","6","8","5","95","T0",0.0303291095209618,0.101449275362319
"C11R2","6","9","5","95","T0",0.0308755414639092,0.106899166034875
"C11R2","6","10","5","95","T0",0.0396214844896348,0.145137880986938
"C11R2","6","11","5","95","T0",0.00940050081593263,0.0224066390041494
"C11R2","6","12","5","95","T0",0.0218695644984832,0.0724409448818898
"C11R2","7","8","5","95","T0",0.00921343491716114,0.0161812297734628
"C11R2","7","9","5","95","T0",0.0133174198021815,0.0349206349206349
"C11R2","7","10","5","95","T0",0.0132431811734237,0.0349206349206349
"C11R2","7","11","5","95","T0",0.0141802359889618,0.0389884088514226
"C11R2","7","12","5","95","T0",NA,NA
"C11R2","8","9","5","95","T0",0.0249772344393593,0.0873842592592593
"C11R2","8","10","5","95","T0",0.0459515229443993,0.182901554404145
"C11R2","8","11","5","95","T0",0.00730215730267018,0.015605493133583
"C11R2","8","12","5","95","T0",0.00607069878798139,0.00692695214105793
"C11R2","9","10","5","95","T0",0.061572313256647,0.262253341820496
"C11R2","9","11","5","95","T0",0.00900963799787045,0.0202874049027895
"C11R2","9","12","5","95","T0",0.0102281004830761,0.0260504201680672
"C11R2","10","11","5","95","T0",0.0112589774335936,0.0295698924731183
"C11R2","10","12","5","95","T0",0.00930354996379745,0.0207956600361664
"C11R2","11","12","5","95","T0",0.0169192844797008,0.0509125840537944
"C11R2","1","2","50","50","T0",0.0553582965837733,0.881656804733728
"C11R2","1","3","50","50","T0",0.0775367555849146,0.772727272727273
"C11R2","1","4","50","50","T0",0.0643715753622077,0.841269841269841
"C11R2","1","5","50","50","T0",0.118638493768984,0.574468085106383
"C11R2","1","6","50","50","T0",0.0744100241359278,0.814814814814815
"C11R2","1","7","50","50","T0",0.0909070545811664,0.72972972972973
"C11R2","1","8","50","50","T0",0.0844968225822999,0.807692307692308
"C11R2","1","9","50","50","T0",0.122452276418203,0.6
"C11R2","1","10","50","50","T0",0.10795871436255,0.672131147540984
"C11R2","1","11","50","50","T0",0.0742583568562186,0.801980198019802
"C11R2","1","12","50","50","T0",0.089517656612824,0.74025974025974
"C11R2","2","3","50","50","T0",0.0879439305943589,0.1875
"C11R2","2","4","50","50","T0",0.0733481820932311,0.632075471698113
"C11R2","2","5","50","50","T0",0.0854242522006832,0.264150943396226
"C11R2","2","6","50","50","T0",0.0800102359187187,0.549132947976879
"C11R2","2","7","50","50","T0",0.0912247369855202,0.142857142857143
"C11R2","2","8","50","50","T0",NA,NA
"C11R2","2","9","50","50","T0",NA,NA
"C11R2","2","10","50","50","T0",NA,NA
"C11R2","2","11","50","50","T0",0.0831047727228355,0.458333333333333
"C11R2","2","12","50","50","T0",0.0881172656549806,0.1875
"C11R2","3","4","50","50","T0",0.07426435472154,0.695652173913043
"C11R2","3","5","50","50","T0",0.0740275283904677,0.686567164179104
"C11R2","3","6","50","50","T0",0.0776828119318129,0.676923076923077
"C11R2","3","7","50","50","T0",NA,NA
"C11R2","3","8","50","50","T0",0.101957106658743,0.44
"C11R2","3","9","50","50","T0",0.0981736241926064,0.44
"C11R2","3","10","50","50","T0",0.103797995836875,0.311475409836066
"C11R2","3","11","50","50","T0",0.0873912785695979,0.575757575757576
"C11R2","3","12","50","50","T0",NA,NA
"C11R2","4","5","50","50","T0",0.0860914693451071,0.491228070175439
"C11R2","4","6","50","50","T0",0.0703815174359649,0.688172043010753
"C11R2","4","7","50","50","T0",0.0796815768988134,0.588652482269504
"C11R2","4","8","50","50","T0",0.0766789879271542,0.654761904761905
"C11R2","4","9","50","50","T0",0.0813372890228666,0.585714285714286
"C11R2","4","10","50","50","T0",0.0816408784702997,0.576642335766423
"C11R2","4","11","50","50","T0",0.0837311336975855,0.53968253968254
"C11R2","4","12","50","50","T0",0.0754941016186686,0.635220125786163
"C11R2","5","6","50","50","T0",0.0806697694906953,0.625954198473282
"C11R2","5","7","50","50","T0",0.0845135345251686,0.5625
"C11R2","5","8","50","50","T0",0.0842199253704589,0.62015503875969
"C11R2","5","9","50","50","T0",0.0928538317683986,0.455555555555556
"C11R2","5","10","50","50","T0",0.0897614191926129,0.505050505050505
"C11R2","5","11","50","50","T0",0.0869444839886642,0.537735849056604
"C11R2","5","12","50","50","T0",0.0674644972189697,0.715116279069767
"C11R2","6","7","50","50","T0",0.0846810233197432,0.495934959349594
"C11R2","6","8","50","50","T0",0.0804725615789228,0.607594936708861
"C11R2","6","9","50","50","T0",0.0784250831298791,0.607594936708861
"C11R2","6","10","50","50","T0",0.071179724495412,0.671957671957672
"C11R2","6","11","50","50","T0",NA,NA
"C11R2","6","12","50","50","T0",0.0697134499676622,0.678756476683938
"C11R2","7","8","50","50","T0",0.0962829316317598,0.460674157303371
"C11R2","7","9","50","50","T0",0.0959705480552086,0.392405063291139
"C11R2","7","10","50","50","T0",0.0945838774833272,0.414634146341463
"C11R2","7","11","50","50","T0",0.0778457663206533,0.641791044776119
"C11R2","7","12","50","50","T0",NA,NA
"C11R2","8","9","50","50","T0",0.0710670255438257,0.651260504201681
"C11R2","8","10","50","50","T0",0.0810208761581407,0.50887573964497
"C11R2","8","11","50","50","T0",0.081304715916467,0.49390243902439
"C11R2","8","12","50","50","T0",0.0851546126199411,0.20952380952381
"C11R2","9","10","50","50","T0",0.0565466305208082,0.770676691729323
"C11R2","9","11","50","50","T0",0.0866382488493433,0.464912280701754
"C11R2","9","12","50","50","T0",0.0932590410657444,0.246913580246914
"C11R2","10","11","50","50","T0",0.0888067244050663,0.441176470588235
"C11R2","10","12","50","50","T0",0.0944052887217892,0.269230769230769
"C11R2","11","12","50","50","T0",0.0908236434867906,0.434782608695652
"C11R2","1","2","95","5","T0",0.00512602795297886,0.990258158792012
"C11R2","1","3","95","5","T0",0.00543996253647454,0.987476518472135
"C11R2","1","4","95","5","T0",0.00727594984812358,0.984756097560976
"C11R2","1","5","95","5","T0",0.0130500064698287,0.971590909090909
"C11R2","1","6","95","5","T0",0.00377426381945276,0.992263056092843
"C11R2","1","7","95","5","T0",0.00558039496206755,0.987623762376238
"C11R2","1","8","95","5","T0",0.00715266915385811,0.986684420772304
"C11R2","1","9","95","5","T0",0.00459719895115452,0.990521327014218
"C11R2","1","10","95","5","T0",0.0189834852472115,0.961089494163424
"C11R2","1","11","95","5","T0",0.00533618651542924,0.988439306358382
"C11R2","1","12","95","5","T0",0.00925715346681317,0.979777553083923
"C11R2","2","3","95","5","T0",NA,NA
"C11R2","2","4","95","5","T0",0.0156067475376774,0.95
"C11R2","2","5","95","5","T0",0.031855257320405,0.906921241050119
"C11R2","2","6","95","5","T0",0.0138556476927127,0.955428571428571
"C11R2","2","7","95","5","T0",0.0630832176228702,0.848543689320388
"C11R2","2","8","95","5","T0",NA,NA
"C11R2","2","9","95","5","T0",0.975083472188995,0.327586206896552
"C11R2","2","10","95","5","T0",1.39192637150527,0.195876288659794
"C11R2","2","11","95","5","T0",0.0153349122692242,0.95060164661178
"C11R2","2","12","95","5","T0",0.111967439555757,0.785123966942149
"C11R2","3","4","95","5","T0",0.0108908624959824,0.968515742128936
"C11R2","3","5","95","5","T0",0.0143300679471013,0.958456973293768
"C11R2","3","6","95","5","T0",0.0109872347798832,0.968515742128936
"C11R2","3","7","95","5","T0",NA,NA
"C11R2","3","8","95","5","T0",0.043689679895634,0.900473933649289
"C11R2","3","9","95","5","T0",0.0195151657967947,0.946360153256705
"C11R2","3","10","95","5","T0",0.042313174648956,0.900473933649289
"C11R2","3","11","95","5","T0",0.0144238386838602,0.958456973293768
"C11R2","3","12","95","5","T0",NA,NA
"C11R2","4","5","95","5","T0",0.00828768598923085,0.973696145124717
"C11R2","4","6","95","5","T0",0.0109449640914648,0.966101694915254
"C11R2","4","7","95","5","T0",0.00907312061377939,0.9712158808933
"C11R2","4","8","95","5","T0",0.00915894200061263,0.972262075561932
"C11R2","4","9","95","5","T0",0.00641553213318332,0.979923849082728
"C11R2","4","10","95","5","T0",0.0131588251018659,0.959326788218794
"C11R2","4","11","95","5","T0",0.00886769262989885,0.972007722007722
"C11R2","4","12","95","5","T0",0.00868029601994787,0.972511848341232
"C11R2","5","6","95","5","T0",0.0130791826352536,0.961264822134387
"C11R2","5","7","95","5","T0",0.0118231171314934,0.963970588235294
"C11R2","5","8","95","5","T0",0.0264217222311832,0.929496402877698
"C11R2","5","9","95","5","T0",0.0220173253821978,0.937974683544304
"C11R2","5","10","95","5","T0",0.0118389286293289,0.964467005076142
"C11R2","5","11","95","5","T0",0.0166129603009467,0.950950950950951
"C11R2","5","12","95","5","T0",0.00961607756603398,0.970552884615385
"C11R2","6","7","95","5","T0",0.00838510385737896,0.973090277777778
"C11R2","6","8","95","5","T0",0.00905225178771966,0.972172351885099
"C11R2","6","9","95","5","T0",0.0143763768226896,0.955459770114943
"C11R2","6","10","95","5","T0",0.00885142319646967,0.97193300135808
"C11R2","6","11","95","5","T0",0.0198192911766639,0.939864209505335
"C11R2","6","12","95","5","T0",0.00926242862904096,0.970405727923628
"C11R2","7","8","95","5","T0",0.0713990730724343,0.855855855855856
"C11R2","7","9","95","5","T0",0.0261021428122757,0.928888888888889
"C11R2","7","10","95","5","T0",0.0250887762786834,0.930835734870317
"C11R2","7","11","95","5","T0",0.0145132208892378,0.956834532374101
"C11R2","7","12","95","5","T0",NA,NA
"C11R2","8","9","95","5","T0",0.00679875496491336,0.977640086206897
"C11R2","8","10","95","5","T0",0.00887958376055991,0.970754052149401
"C11R2","8","11","95","5","T0",0.0256996959470308,0.921102661596958
"C11R2","8","12","95","5","T0",0.0409398257423568,0.886145404663923
"C11R2","9","10","95","5","T0",0.00202030507711567,0.993607210228464
"C11R2","9","11","95","5","T0",0.0208627312090399,0.937307297019527
"C11R2","9","12","95","5","T0",0.0425614311241627,0.89009009009009
"C11R2","10","11","95","5","T0",0.0143069478269142,0.955882352941176
"C11R2","10","12","95","5","T0",NA,NA
"C11R2","11","12","95","5","T0",0.0181620484962867,0.946058091286307
"C11R5","1","2","5","95","T0",0.0585834278538508,0.171511627906977
"C11R5","1","3","5","95","T0",NA,NA
"C11R5","1","4","5","95","T0",0.0635991091880726,0.192634560906516
"C11R5","1","5","5","95","T0",0.0104581908313993,0.0155440414507772
"C11R5","2","3","5","95","T0",0.0246742727658371,0.0887880751782242
"C11R5","2","4","5","95","T0",NA,NA
"C11R5","2","5","5","95","T0",0.0114983239329442,0.0350034317089911
"C11R5","3","4","5","95","T0",0.0803156359634776,0.183257918552036
"C11R5","3","5","5","95","T0",0.0175981816473127,0.0424403183023873
"C11R5","4","5","5","95","T0",0.00873320218698048,0.0221586847748392
"C11R5","1","2","50","50","T0",0.081888377428359,0.72972972972973
"C11R5","1","3","50","50","T0",NA,NA
"C11R5","1","4","50","50","T0",0.0720862211952146,0.772727272727273
"C11R5","1","5","50","50","T0",0.095244155387424,0.444444444444444
"C11R5","2","3","50","50","T0",0.0745278744420864,0.593406593406593
"C11R5","2","4","50","50","T0",NA,NA
"C11R5","2","5","50","50","T0",0.0761147796274224,0.562130177514793
"C11R5","3","4","50","50","T0",0.0713812624817441,0.841666666666667
"C11R5","3","5","50","50","T0",0.117492943508567,0.387096774193548
"C11R5","4","5","50","50","T0",0.0696759805594172,0.641791044776119
"C11R5","1","2","95","5","T0",0.0047387498681775,0.988354037267081
"C11R5","1","3","95","5","T0",NA,NA
"C11R5","1","4","95","5","T0",0.00457291319316061,0.98868778280543
"C11R5","1","5","95","5","T0",0.103519803226464,0.835164835164835
"C11R5","2","3","95","5","T0",0.0105726908289912,0.96455938697318
"C11R5","2","4","95","5","T0",NA,NA
"C11R5","2","5","95","5","T0",0.00701508644931993,0.976090468497577
"C11R5","3","4","95","5","T0",0.00582635318066362,0.989010989010989
"C11R5","3","5","95","5","T0",0.013411637174694,0.962962962962963
"C11R5","4","5","95","5","T0",0.00748535164414226,0.974531305270605
"C1R2","1","2","5","95","T8",0,1
"C1R2","1","3","5","95","T8",0,0
"C1R2","1","4","5","95","T8",0,1
"C1R2","2","3","5","95","T8",0,0
"C1R2","2","4","5","95","T8",0.04,0.6
"C1R2","3","4","5","95","T8",NA,NA
"C1R2","1","2","50","50","T8",0,1
"C1R2","1","3","50","50","T8",0,0
"C1R2","1","4","50","50","T8",0,1
"C1R2","2","3","50","50","T8",0,0
"C1R2","2","4","50","50","T8",0.0472186707515857,0.634615384615385
"C1R2","3","4","50","50","T8",0,1
"C1R2","1","2","95","5","T8",0,1
"C1R2","1","3","95","5","T8",0.0280482958681151,0.897435897435897
"C1R2","1","4","95","5","T8",0,1
"C1R2","2","3","95","5","T8",0,0
"C1R2","2","4","95","5","T8",0.0386013646974447,0.855421686746988
"C1R2","3","4","95","5","T8",0,1
"C1R4","1","2","5","95","T8",0,0
"C1R4","1","3","5","95","T8",0,0
"C1R4","1","4","5","95","T8",0,0
"C1R4","1","5","5","95","T8",0,0
"C1R4","2","3","5","95","T8",0,1
"C1R4","2","4","5","95","T8",NA,NA
"C1R4","2","5","5","95","T8",NA,NA
"C1R4","3","4","5","95","T8",0,0
"C1R4","3","5","5","95","T8",NA,NA
"C1R4","4","5","5","95","T8",NA,NA
"C1R4","1","2","50","50","T8",0,0
"C1R4","1","3","50","50","T8",0.0298074537115856,0.938461538461538
"C1R4","1","4","50","50","T8",0,0
"C1R4","1","5","50","50","T8",0,0
"C1R4","2","3","50","50","T8",0,1
"C1R4","2","4","50","50","T8",NA,NA
"C1R4","2","5","50","50","T8",NA,NA
"C1R4","3","4","50","50","T8",0,0
"C1R4","3","5","50","50","T8",0,0
"C1R4","4","5","50","50","T8",NA,NA
"C1R4","1","2","95","5","T8",0,0
"C1R4","1","3","95","5","T8",0.0414438486701295,0.883333333333333
"C1R4","1","4","95","5","T8",0,0
"C1R4","1","5","95","5","T8",0,0
"C1R4","2","3","95","5","T8",0,1
"C1R4","2","4","95","5","T8",NA,NA
"C1R4","2","5","95","5","T8",NA,NA
"C1R4","3","4","95","5","T8",0,0
"C1R4","3","5","95","5","T8",0,0
"C1R4","4","5","95","5","T8",NA,NA
"C1R6","1","2","5","95","T8",NA,NA
"C1R6","1","3","5","95","T8",0,0
"C1R6","1","4","5","95","T8",0,0
"C1R6","1","5","5","95","T8",0,0
"C1R6","2","3","5","95","T8",0,1
"C1R6","2","4","5","95","T8",0,1
"C1R6","2","5","5","95","T8",0,1
"C1R6","3","4","5","95","T8",0.00743478857580354,0.00746268656716418
"C1R6","3","5","5","95","T8",0,0
"C1R6","4","5","5","95","T8",0,0
"C1R6","1","2","50","50","T8",0,0
"C1R6","1","3","50","50","T8",0,0
"C1R6","1","4","50","50","T8",0,0
"C1R6","1","5","50","50","T8",0,0
"C1R6","2","3","50","50","T8",0,1
"C1R6","2","4","50","50","T8",0,1
"C1R6","2","5","50","50","T8",NA,NA
"C1R6","3","4","50","50","T8",0.0453784188446026,0.471074380165289
"C1R6","3","5","50","50","T8",0,0
"C1R6","4","5","50","50","T8",0.0166342412144231,0.0238095238095238
"C1R6","1","2","95","5","T8",0,0
"C1R6","1","3","95","5","T8",0,0
"C1R6","1","4","95","5","T8",0,0
"C1R6","1","5","95","5","T8",0,0
"C1R6","2","3","95","5","T8",0,1
"C1R6","2","4","95","5","T8",0,1
"C1R6","2","5","95","5","T8",NA,NA
"C1R6","3","4","95","5","T8",0.0235209775374825,0.0594059405940594
"C1R6","3","5","95","5","T8",0,0
"C1R6","4","5","95","5","T8",0.0276539821338064,0.903508771929825
"C1R7","1","2","5","95","T8",0,1
"C1R7","1","3","5","95","T8",0,1
"C1R7","1","4","5","95","T8",0,1
"C1R7","1","5","5","95","T8",0,1
"C1R7","1","6","5","95","T8",0,1
"C1R7","1","7","5","95","T8",0.0307268217237349,0.140625
"C1R7","2","3","5","95","T8",0,0
"C1R7","2","4","5","95","T8",0,0
"C1R7","2","5","5","95","T8",0,0
"C1R7","2","6","5","95","T8",0,0
"C1R7","2","7","5","95","T8",0,0
"C1R7","3","4","5","95","T8",0,0
"C1R7","3","5","5","95","T8",0.0721687836487032,0.25
"C1R7","3","6","5","95","T8",0.0666446452939446,0.464285714285714
"C1R7","3","7","5","95","T8",0,0
"C1R7","4","5","5","95","T8",0.0557442541882121,0.5375
"C1R7","4","6","5","95","T8",0,1
"C1R7","4","7","5","95","T8",0,0
"C1R7","5","6","5","95","T8",0,0
"C1R7","5","7","5","95","T8",0,0
"C1R7","6","7","5","95","T8",0,0
"C1R7","1","2","50","50","T8",0,1
"C1R7","1","3","50","50","T8",0,1
"C1R7","1","4","50","50","T8",0,1
"C1R7","1","5","50","50","T8",0,1
"C1R7","1","6","50","50","T8",0,1
"C1R7","1","7","50","50","T8",0.0391720355076487,0.285714285714286
"C1R7","2","3","50","50","T8",0,0
"C1R7","2","4","50","50","T8",0,0
"C1R7","2","5","50","50","T8",0,0
"C1R7","2","6","50","50","T8",0,0
"C1R7","2","7","50","50","T8",0,0
"C1R7","3","4","50","50","T8",0,0
"C1R7","3","5","50","50","T8",0.080232897144853,0.342857142857143
"C1R7","3","6","50","50","T8",0.0836485776813028,0.428571428571429
"C1R7","3","7","50","50","T8",0,0
"C1R7","4","5","50","50","T8",0.00982020373465789,0.986013986013986
"C1R7","4","6","50","50","T8",0,1
"C1R7","4","7","50","50","T8",0,0
"C1R7","5","6","50","50","T8",0.071413695124874,0.489795918367347
"C1R7","5","7","50","50","T8",0,0
"C1R7","6","7","50","50","T8",0,0
"C1R7","1","2","95","5","T8",0,1
"C1R7","1","3","95","5","T8",0,1
"C1R7","1","4","95","5","T8",0,1
"C1R7","1","5","95","5","T8",0,1
"C1R7","1","6","95","5","T8",0,1
"C1R7","1","7","95","5","T8",0.0426048172353643,0.42962962962963
"C1R7","2","3","95","5","T8",0,0
"C1R7","2","4","95","5","T8",0,0
"C1R7","2","5","95","5","T8",0,0
"C1R7","2","6","95","5","T8",0,0
"C1R7","2","7","95","5","T8",0,0
"C1R7","3","4","95","5","T8",0.0492903970958824,0.285714285714286
"C1R7","3","5","95","5","T8",0.0922961863016609,0.392857142857143
"C1R7","3","6","95","5","T8",0.0686680558448352,0.490566037735849
"C1R7","3","7","95","5","T8",0,0
"C1R7","4","5","95","5","T8",0,1
"C1R7","4","6","95","5","T8",0,1
"C1R7","4","7","95","5","T8",0,0
"C1R7","5","6","95","5","T8",0.0667726850763335,0.517857142857143
"C1R7","5","7","95","5","T8",0,0
"C1R7","6","7","95","5","T8",0,0
"C2R6","2","3","5","95","T8",0.051931662832775,0.148936170212766
"C2R6","2","4","5","95","T8",0.0700005438524918,0.490196078431373
"C2R6","3","4","5","95","T8",0,0
"C2R6","2","3","50","50","T8",0.0168924096413368,0.0297029702970297
"C2R6","2","4","50","50","T8",0.0874832447741257,0.612903225806452
"C2R6","3","4","50","50","T8",0,0
"C2R6","2","3","95","5","T8",0.0591484765150589,0.142857142857143
"C2R6","2","4","95","5","T8",0.0763603548321212,0.857142857142857
"C2R6","3","4","95","5","T8",0,1
"C2R8","2","3","5","95","T8",0,1
"C2R8","2","4","5","95","T8",0,1
"C2R8","3","4","5","95","T8",NA,NA
"C2R8","2","3","50","50","T8",0,1
"C2R8","2","4","50","50","T8",0,1
"C2R8","3","4","50","50","T8",NA,NA
"C2R8","2","3","95","5","T8",0,1
"C2R8","2","4","95","5","T8",0,1
"C2R8","3","4","95","5","T8",NA,NA
"C4R1","1","2","5","95","T8",0,0
"C4R1","1","3","5","95","T8",NA,NA
"C4R1","2","3","5","95","T8",0.0268302938009053,0.952380952380952
"C4R1","1","2","50","50","T8",0.00743478857580354,0.992537313432836
"C4R1","1","3","50","50","T8",NA,NA
"C4R1","2","3","50","50","T8",0,1
"C4R1","1","2","95","5","T8",0.0307818431204048,0.928571428571429
"C4R1","1","3","95","5","T8",NA,NA
"C4R1","2","3","95","5","T8",0,1
"C7R1","2","3","5","95","T8",0,0
"C7R1","2","4","5","95","T8",0,0
"C7R1","3","4","5","95","T8",NA,NA
"C7R1","2","3","50","50","T8",0,0
"C7R1","2","4","50","50","T8",0,0
"C7R1","3","4","50","50","T8",NA,NA
"C7R1","2","3","95","5","T8",0,0
