Community,Isolate1,Isolate2,Isolate1Freq,Isolate2Freq,Time,Isolate1CFUFreq
C1R2,1,2,5,95,Isolate1CFUFreqT0,0.0396907216494846
C1R2,1,2,50,50,Isolate1CFUFreqT0,0.439867708959712
C1R2,1,2,95,5,Isolate1CFUFreqT0,0.937188132164531
C1R2,1,3,5,95,Isolate1CFUFreqT0,0.0707343807088051
C1R2,1,3,50,50,Isolate1CFUFreqT0,0.591211546497798
C1R2,1,3,95,5,Isolate1CFUFreqT0,0.964886170668066
C1R2,1,4,5,95,Isolate1CFUFreqT0,0.0955595949104127
C1R2,1,4,50,50,Isolate1CFUFreqT0,0.667494033412887
C1R2,1,4,95,5,Isolate1CFUFreqT0,0.974451885484592
C1R2,2,3,5,95,Isolate1CFUFreqT0,0.0883649858109581
C1R2,2,3,50,50,Isolate1CFUFreqT0,0.648094780659622
C1R2,2,3,95,5,Isolate1CFUFreqT0,0.972215901908734
C1R2,2,4,5,95,Isolate1CFUFreqT0,0.118588261667577
C1R2,2,4,50,50,Isolate1CFUFreqT0,0.718811040339702
C1R2,2,4,95,5,Isolate1CFUFreqT0,0.979826597695687
C1R2,3,4,5,95,Isolate1CFUFreqT0,0.0680813356083674
C1R2,3,4,50,50,Isolate1CFUFreqT0,0.581247484909457
C1R2,3,4,95,5,Isolate1CFUFreqT0,0.96346746617423
C1R4,1,2,5,95,Isolate1CFUFreqT0,0.088627151607685
C1R4,1,2,50,50,Isolate1CFUFreqT0,0.648835662009315
C1R4,1,2,95,5,Isolate1CFUFreqT0,0.972303558871992
C1R4,1,3,5,95,Isolate1CFUFreqT0,
C1R4,1,3,50,50,Isolate1CFUFreqT0,
C1R4,1,3,95,5,Isolate1CFUFreqT0,
C1R4,1,4,5,95,Isolate1CFUFreqT0,0.0254274441034633
C1R4,1,4,50,50,Isolate1CFUFreqT0,0.331428571428571
C1R4,1,4,95,5,Isolate1CFUFreqT0,0.904019688269073
C1R4,1,5,5,95,Isolate1CFUFreqT0,0.036423329470838
C1R4,1,5,50,50,Isolate1CFUFreqT0,0.417996453900708
C1R4,1,5,95,5,Isolate1CFUFreqT0,0.931721268850754
C1R4,2,3,5,95,Isolate1CFUFreqT0,
C1R4,2,3,50,50,Isolate1CFUFreqT0,
C1R4,2,3,95,5,Isolate1CFUFreqT0,
C1R4,2,4,5,95,Isolate1CFUFreqT0,0.0139243350639213
C1R4,2,4,50,50,Isolate1CFUFreqT0,0.211541916705594
C1R4,2,4,95,5,Isolate1CFUFreqT0,0.836002840165925
C1R4,2,5,5,95,Isolate1CFUFreqT0,0.0200481270670189
C1R4,2,5,50,50,Isolate1CFUFreqT0,0.279905834874726
C1R4,2,5,95,5,Isolate1CFUFreqT0,0.880745646035344
C1R4,3,4,5,95,Isolate1CFUFreqT0,
C1R4,3,4,50,50,Isolate1CFUFreqT0,
C1R4,3,4,95,5,Isolate1CFUFreqT0,
C1R4,3,5,5,95,Isolate1CFUFreqT0,
C1R4,3,5,50,50,Isolate1CFUFreqT0,
C1R4,3,5,95,5,Isolate1CFUFreqT0,
C1R4,4,5,5,95,Isolate1CFUFreqT0,0.070849577173196
C1R4,4,5,50,50,Isolate1CFUFreqT0,0.591634715928895
C1R4,4,5,95,5,Isolate1CFUFreqT0,0.964945455415861
C1R6,1,2,5,95,Isolate1CFUFreqT0,0.0941728600979503
C1R6,1,2,50,50,Isolate1CFUFreqT0,0.663899936595769
C1R6,1,2,95,5,Isolate1CFUFreqT0,0.974046725685774
C1R6,1,3,5,95,Isolate1CFUFreqT0,0.101547045164367
C1R6,1,3,50,50,Isolate1CFUFreqT0,0.682283725299944
C1R6,1,3,95,5,Isolate1CFUFreqT0,0.976077575959988
C1R6,1,4,5,95,Isolate1CFUFreqT0,0.120276721331102
C1R6,1,4,50,50,Isolate1CFUFreqT0,0.722044687431821
C1R6,1,4,95,5,Isolate1CFUFreqT0,0.980141516224302
C1R6,1,5,5,95,Isolate1CFUFreqT0,0.0737992055317145
C1R6,1,5,50,50,Isolate1CFUFreqT0,0.60221332975933
C1R6,1,5,95,5,Isolate1CFUFreqT0,0.96640269865116
C1R6,2,3,5,95,Isolate1CFUFreqT0,0.0541219061826322
C1R6,2,3,50,50,Isolate1CFUFreqT0,0.520878928477634
C1R6,2,3,95,5,Isolate1CFUFreqT0,0.953823308556145
C1R6,2,4,5,95,Isolate1CFUFreqT0,0.0647345809364307
C1R6,2,4,50,50,Isolate1CFUFreqT0,0.568051118210863
C1R6,2,4,95,5,Isolate1CFUFreqT0,0.961518756759834
C1R6,2,5,5,95,Isolate1CFUFreqT0,0.0387737775636173
C1R6,2,5,50,50,Isolate1CFUFreqT0,0.433882812098805
C1R6,2,5,95,5,Isolate1CFUFreqT0,0.935740724548979
C1R6,3,4,5,95,Isolate1CFUFreqT0,0.0598555639019463
C1R6,3,4,50,50,Isolate1CFUFreqT0,0.547441817604718
C1R6,3,4,95,5,Isolate1CFUFreqT0,0.958304758257214
C1R6,3,5,5,95,Isolate1CFUFreqT0,0.0357765673119159
C1R6,3,5,50,50,Isolate1CFUFreqT0,0.413481622885283
C1R6,3,5,95,5,Isolate1CFUFreqT0,0.930529271917277
C1R6,4,5,5,95,Isolate1CFUFreqT0,0.0297602451981709
C1R6,4,5,50,50,Isolate1CFUFreqT0,0.368203684148774
C1R6,4,5,95,5,Isolate1CFUFreqT0,0.91717043066823
C1R7,1,2,5,95,Isolate1CFUFreqT0,0.0174116070212659
C1R7,1,2,50,50,Isolate1CFUFreqT0,0.251879309450982
C1R7,1,2,95,5,Isolate1CFUFreqT0,0.864809540761837
C1R7,1,3,5,95,Isolate1CFUFreqT0,0.0153906097798558
C1R7,1,3,50,50,Isolate1CFUFreqT0,0.228985507246377
C1R7,1,3,95,5,Isolate1CFUFreqT0,0.849462365591398
C1R7,1,4,5,95,Isolate1CFUFreqT0,0.0642091088347041
C1R7,1,4,50,50,Isolate1CFUFreqT0,0.565912173618176
C1R7,1,4,95,5,Isolate1CFUFreqT0,0.961195104391649
C1R7,1,5,5,95,Isolate1CFUFreqT0,0.0222308206408949
C1R7,1,5,50,50,Isolate1CFUFreqT0,0.301670644391408
C1R7,1,5,95,5,Isolate1CFUFreqT0,0.891396332863188
C1R7,1,6,5,95,Isolate1CFUFreqT0,0.0256079965932276
C1R7,1,6,50,50,Isolate1CFUFreqT0,0.33303942909101
C1R7,1,6,95,5,Isolate1CFUFreqT0,0.904647855699424
C1R7,1,7,5,95,Isolate1CFUFreqT0,0.139401257867338
C1R7,1,7,50,50,Isolate1CFUFreqT0,0.754760860160951
C1R7,1,7,95,5,Isolate1CFUFreqT0,0.983186325250886
C1R7,2,3,5,95,Isolate1CFUFreqT0,0.0443672050705378
C1R7,2,3,50,50,Isolate1CFUFreqT0,0.468682505399569
C1R7,2,3,95,5,Isolate1CFUFreqT0,0.94369420920119
C1R7,2,4,5,95,Isolate1CFUFreqT0,0.169294900794934
C1R7,2,4,50,50,Isolate1CFUFreqT0,0.794751213592234
C1R7,2,4,95,5,Isolate1CFUFreqT0,0.986589886415446
C1R7,2,5,5,95,Isolate1CFUFreqT0,0.0632583901176987
C1R7,2,5,50,50,Isolate1CFUFreqT0,0.56199417287148
C1R7,2,5,95,5,Isolate1CFUFreqT0,0.96059644115677
C1R7,2,6,5,95,Isolate1CFUFreqT0,0.0724066865124803
C1R7,2,6,50,50,Isolate1CFUFreqT0,0.597279939554214
C1R7,2,6,95,5,Isolate1CFUFreqT0,0.965728982478701
C1R7,2,7,5,95,Isolate1CFUFreqT0,0.32483109204312
C1R7,2,7,50,50,Isolate1CFUFreqT0,0.901391428925875
C1R7,2,7,95,5,Isolate1CFUFreqT0,0.994275279574102
C1R7,3,4,5,95,Isolate1CFUFreqT0,0.187673514714048
C1R7,3,4,50,50,Isolate1CFUFreqT0,0.814457831325301
C1R7,3,4,95,5,Isolate1CFUFreqT0,0.988152023388214
C1R7,3,5,5,95,Isolate1CFUFreqT0,0.0711111111111111
C1R7,3,5,50,50,Isolate1CFUFreqT0,0.592592592592593
C1R7,3,5,95,5,Isolate1CFUFreqT0,0.965079365079365
C1R7,3,6,5,95,Isolate1CFUFreqT0,0.081296493092455
C1R7,3,6,50,50,Isolate1CFUFreqT0,0.62704918032787
C1R7,3,6,95,5,Isolate1CFUFreqT0,0.96964643095397
C1R7,3,7,5,95,Isolate1CFUFreqT0,0.352921176403922
C1R7,3,7,50,50,Isolate1CFUFreqT0,0.911992971152438
C1R7,3,7,95,5,Isolate1CFUFreqT0,0.994946734716185
C1R7,4,5,5,95,Isolate1CFUFreqT0,0.0171411080501989
C1R7,4,5,50,50,Isolate1CFUFreqT0,0.248888888888889
C1R7,4,5,95,5,Isolate1CFUFreqT0,0.862935928629359
C1R7,4,6,5,95,Isolate1CFUFreqT0,0.01976071105684
C1R7,4,6,50,50,Isolate1CFUFreqT0,0.276945861444792
C1R7,4,6,95,5,Isolate1CFUFreqT0,0.879189464133513
C1R7,4,7,5,95,Isolate1CFUFreqT0,0.110517706348991
C1R7,4,7,50,50,Isolate1CFUFreqT0,0.702446484076321
C1R7,4,7,95,5,Isolate1CFUFreqT0,0.978191680206194
C1R7,5,6,5,95,Isolate1CFUFreqT0,0.0573482809145741
C1R7,5,6,50,50,Isolate1CFUFreqT0,0.536158012105767
C1R7,5,6,95,5,Isolate1CFUFreqT0,0.956450213860557
C1R7,5,7,5,95,Isolate1CFUFreqT0,0.272709902393198
C1R7,5,7,50,50,Isolate1CFUFreqT0,0.876913624494394
C1R7,5,7,95,5,Isolate1CFUFreqT0,0.992666640229152
C1R7,6,7,5,95,Isolate1CFUFreqT0,0.244936696551858
C1R7,6,7,50,50,Isolate1CFUFreqT0,0.860402519504297
C1R7,6,7,95,5,Isolate1CFUFreqT0,0.991533001570418
C2R6,1,2,5,95,Isolate1CFUFreqT0,0.0360766629086808
C2R6,1,2,50,50,Isolate1CFUFreqT0,0.415584415584414
C2R6,1,2,95,5,Isolate1CFUFreqT0,0.931087289433384
C2R6,1,3,5,95,Isolate1CFUFreqT0,0.0918196399928707
C2R6,1,3,50,50,Isolate1CFUFreqT0,0.657646157773805
C2R6,1,3,95,5,Isolate1CFUFreqT0,0.973332007556925
C2R6,1,4,5,95,Isolate1CFUFreqT0,0.0222061844223615
C2R6,1,4,50,50,Isolate1CFUFreqT0,0.30143180105501
C2R6,1,4,95,5,Isolate1CFUFreqT0,0.891286501700481
C2R6,2,3,5,95,Isolate1CFUFreqT0,0.124478119684552
C2R6,2,3,50,50,Isolate1CFUFreqT0,0.729827742520399
C2R6,2,3,95,5,Isolate1CFUFreqT0,0.980888860386071
C2R6,2,4,5,95,Isolate1CFUFreqT0,0.0309482545184452
C2R6,2,4,50,50,Isolate1CFUFreqT0,0.377643504531722
C2R6,2,4,95,5,Isolate1CFUFreqT0,0.920185974428516
C2R6,3,4,5,95,Isolate1CFUFreqT0,0.0116843683540254
C2R6,3,4,50,50,Isolate1CFUFreqT0,0.183425251132559
C2R6,3,4,95,5,Isolate1CFUFreqT0,0.8101719361707
C2R8,1,2,5,95,Isolate1CFUFreqT0,0.0887941310700446
C2R8,1,2,50,50,Isolate1CFUFreqT0,0.649306143592912
C2R8,1,2,95,5,Isolate1CFUFreqT0,0.972359127973398
C2R8,1,3,5,95,Isolate1CFUFreqT0,0.0180789921979367
C2R8,1,3,50,50,Isolate1CFUFreqT0,0.259163412224156
C2R8,1,3,95,5,Isolate1CFUFreqT0,0.869224316220503
C2R8,1,4,5,95,Isolate1CFUFreqT0,0.00623866989926721
C2R8,1,4,50,50,Isolate1CFUFreqT0,0.106567606001683
C2R8,1,4,95,5,Isolate1CFUFreqT0,0.693843047944864
C2R8,2,3,5,95,Isolate1CFUFreqT0,0.00984643159972737
C2R8,2,3,50,50,Isolate1CFUFreqT0,0.158916510484811
C2R8,2,3,95,5,Isolate1CFUFreqT0,0.782130785648202
C2R8,2,4,5,95,Isolate1CFUFreqT0,0.00337923574680995
C2R8,2,4,50,50,Isolate1CFUFreqT0,0.0605240298175791
C2R8,2,4,95,5,Isolate1CFUFreqT0,0.550367885215944
C2R8,3,4,5,95,Isolate1CFUFreqT0,0.0176292593079858
C2R8,3,4,50,50,Isolate1CFUFreqT0,0.25426944971537
C2R8,3,4,95,5,Isolate1CFUFreqT0,0.866281047975502
C4R1,1,2,5,95,Isolate1CFUFreqT0,0.2673627022819
C4R1,1,2,50,50,Isolate1CFUFreqT0,0.873955494594741
C4R1,1,2,95,5,Isolate1CFUFreqT0,0.992466498895971
C4R1,1,3,5,95,Isolate1CFUFreqT0,0.0404740944323963
C4R1,1,3,50,50,Isolate1CFUFreqT0,0.444890252537172
C4R1,1,3,95,5,Isolate1CFUFreqT0,0.938376084051668
C4R1,2,3,5,95,Isolate1CFUFreqT0,0.00604673591620695
C4R1,2,3,50,50,Isolate1CFUFreqT0,0.103610848506427
C4R1,2,3,95,5,Isolate1CFUFreqT0,0.687123689206389
C7R1,1,2,5,95,Isolate1CFUFreqT0,0.035950330014543
C7R1,1,2,50,50,Isolate1CFUFreqT0,0.414700872348114
C7R1,1,2,95,5,Isolate1CFUFreqT0,0.930853431716316
C7R1,1,3,5,95,Isolate1CFUFreqT0,0.0438468404549929
C7R1,1,3,50,50,Isolate1CFUFreqT0,0.465610265882468
C7R1,1,3,95,5,Isolate1CFUFreqT0,0.943034793647504
C7R1,1,4,5,95,Isolate1CFUFreqT0,0.040577307403471
C7R1,1,4,50,50,Isolate1CFUFreqT0,0.445545892849097
C7R1,1,4,95,5,Isolate1CFUFreqT0,0.938529401479691
C7R1,2,3,5,95,Isolate1CFUFreqT0,0.060787940258139
C7R1,2,3,50,50,Isolate1CFUFreqT0,0.551513839269605
C7R1,2,3,95,5,Isolate1CFUFreqT0,0.958957084592394
C7R1,2,4,5,95,Isolate1CFUFreqT0,0.0563295794562711
C7R1,2,4,50,50,Isolate1CFUFreqT0,0.531428956410429
C7R1,2,4,95,5,Isolate1CFUFreqT0,0.955651769146894
C7R1,3,4,5,95,Isolate1CFUFreqT0,0.0462938582553244
C7R1,3,4,50,50,Isolate1CFUFreqT0,0.479784197484395
C7R1,3,4,95,5,Isolate1CFUFreqT0,0.946013951414184
C8R4,1,2,5,95,Isolate1CFUFreqT0,0.0142080250845133
C8R4,1,2,50,50,Isolate1CFUFreqT0,0.214974054855449
C8R4,1,2,95,5,Isolate1CFUFreqT0,0.83878824783072
C8R4,1,3,5,95,Isolate1CFUFreqT0,0.0634343434343435
C8R4,1,3,50,50,Isolate1CFUFreqT0,0.562724014336918
C8R4,1,3,95,5,Isolate1CFUFreqT0,0.960708534621578
C8R4,2,3,5,95,Isolate1CFUFreqT0,0.198290245598301
C8R4,2,3,50,50,Isolate1CFUFreqT0,0.824541392460933
C8R4,2,3,95,5,Isolate1CFUFreqT0,0.988924287897139
C10R2,1,2,5,95,Isolate1CFUFreqT0,0.0945976555863866
C10R2,1,2,50,50,Isolate1CFUFreqT0,0.66500796178344
C10R2,1,2,95,5,Isolate1CFUFreqT0,0.974172063472576
C10R2,1,3,5,95,Isolate1CFUFreqT0,0
C10R2,1,3,50,50,Isolate1CFUFreqT0,0
C10R2,1,3,95,5,Isolate1CFUFreqT0,0
C10R2,2,3,5,95,Isolate1CFUFreqT0,0
C10R2,2,3,50,50,Isolate1CFUFreqT0,0
C10R2,2,3,95,5,Isolate1CFUFreqT0,0
C11R1,1,2,5,95,Isolate1CFUFreqT0,1
C11R1,1,2,50,50,Isolate1CFUFreqT0,1
C11R1,1,2,95,5,Isolate1CFUFreqT0,1
C11R1,1,3,5,95,Isolate1CFUFreqT0,0.288517055747236
C11R1,1,3,50,50,Isolate1CFUFreqT0,0.885120672387724
C11R1,1,3,95,5,Isolate1CFUFreqT0,0.993215322469344
C11R1,1,4,5,95,Isolate1CFUFreqT0,0.222069279733286
C11R1,1,4,50,50,Isolate1CFUFreqT0,0.844328144118712
C11R1,1,4,95,5,Isolate1CFUFreqT0,0.990389384271568
C11R1,1,5,5,95,Isolate1CFUFreqT0,0.437750151934149
C11R1,1,5,50,50,Isolate1CFUFreqT0,0.93668002985557
C11R1,1,5,95,5,Isolate1CFUFreqT0,0.996454696676014
C11R1,1,6,5,95,Isolate1CFUFreqT0,0.401564759946051
C11R1,1,6,50,50,Isolate1CFUFreqT0,0.927269908823156
C11R1,1,6,95,5,Isolate1CFUFreqT0,0.995888831977415
C11R1,1,7,5,95,Isolate1CFUFreqT0,0.415288682436698
C11R1,1,7,50,50,Isolate1CFUFreqT0,0.931009112004075
C11R1,1,7,95,5,Isolate1CFUFreqT0,0.996114976304224
C11R1,1,8,5,95,Isolate1CFUFreqT0,0.00295122848249446
C11R1,1,8,50,50,Isolate1CFUFreqT0,0.0532448616280951
C11R1,1,8,95,5,Isolate1CFUFreqT0,0.516568878605074
C11R1,1,9,5,95,Isolate1CFUFreqT0,0.171635117007005
C11R1,1,9,50,50,Isolate1CFUFreqT0,0.797437673130194
C11R1,1,9,95,5,Isolate1CFUFreqT0,0.986807090343241
C11R1,2,3,5,95,Isolate1CFUFreqT0,0
C11R1,2,3,50,50,Isolate1CFUFreqT0,0
C11R1,2,3,95,5,Isolate1CFUFreqT0,0
C11R1,2,4,5,95,Isolate1CFUFreqT0,0
C11R1,2,4,50,50,Isolate1CFUFreqT0,0
C11R1,2,4,95,5,Isolate1CFUFreqT0,0
C11R1,2,5,5,95,Isolate1CFUFreqT0,0
C11R1,2,5,50,50,Isolate1CFUFreqT0,0
C11R1,2,5,95,5,Isolate1CFUFreqT0,0
C11R1,2,6,5,95,Isolate1CFUFreqT0,0
C11R1,2,6,50,50,Isolate1CFUFreqT0,0
C11R1,2,6,95,5,Isolate1CFUFreqT0,0
C11R1,2,7,5,95,Isolate1CFUFreqT0,0
C11R1,2,7,50,50,Isolate1CFUFreqT0,0
C11R1,2,7,95,5,Isolate1CFUFreqT0,0
C11R1,2,8,5,95,Isolate1CFUFreqT0,0
C11R1,2,8,50,50,Isolate1CFUFreqT0,0
C11R1,2,8,95,5,Isolate1CFUFreqT0,0
C11R1,2,9,5,95,Isolate1CFUFreqT0,0
C11R1,2,9,50,50,Isolate1CFUFreqT0,0
C11R1,2,9,95,5,Isolate1CFUFreqT0,0
C11R1,3,4,5,95,Isolate1CFUFreqT0,0.0357262400301459
C11R1,3,4,50,50,Isolate1CFUFreqT0,0.413127622007897
C11R1,3,4,95,5,Isolate1CFUFreqT0,0.930434838371925
C11R1,3,5,5,95,Isolate1CFUFreqT0,0.0917760400044307
C11R1,3,5,50,50,Isolate1CFUFreqT0,0.657528404042316
C11R1,3,5,95,5,Isolate1CFUFreqT0,0.973318429731393
C11R1,3,6,5,95,Isolate1CFUFreqT0,0.0801145816550062
C11R1,3,6,50,50,Isolate1CFUFreqT0,0.623316180595472
C11R1,3,6,95,5,Isolate1CFUFreqT0,0.969174031350229
C11R1,3,7,5,95,Isolate1CFUFreqT0,0.0844020167609414
C11R1,3,7,50,50,Isolate1CFUFreqT0,0.636557323891246
C11R1,3,7,95,5,Isolate1CFUFreqT0,0.970826637701124
C11R1,3,8,5,95,Isolate1CFUFreqT0,0.00038402457757296
C11R1,3,8,50,50,Isolate1CFUFreqT0,0.00724637681159411
C11R1,3,8,95,5,Isolate1CFUFreqT0,0.12179487179487
C11R1,3,9,5,95,Isolate1CFUFreqT0,0.0261878039655814
C11R1,3,9,50,50,Isolate1CFUFreqT0,0.338164251207727
C11R1,3,9,95,5,Isolate1CFUFreqT0,0.906612133605998
C11R1,4,5,5,95,Isolate1CFUFreqT0,0.125528276678702
C11R1,4,5,50,50,Isolate1CFUFreqT0,0.731716731376154
C11R1,4,5,95,5,Isolate1CFUFreqT0,0.981068016387638
C11R1,4,6,5,95,Isolate1CFUFreqT0,0.110098005342681
C11R1,4,6,50,50,Isolate1CFUFreqT0,0.701551844493368
C11R1,4,6,95,5,Isolate1CFUFreqT0,0.978100262812607
C11R1,4,7,5,95,Isolate1CFUFreqT0,0.115788067172009
C11R1,4,7,50,50,Isolate1CFUFreqT0,0.713307770810847
C11R1,4,7,95,5,Isolate1CFUFreqT0,0.979284554848863
C11R1,4,8,5,95,Isolate1CFUFreqT0,0.000545441679384243
C11R1,4,8,50,50,Isolate1CFUFreqT0,0.0102626338796526
C11R1,4,8,95,5,Isolate1CFUFreqT0,0.164586420551173
C11R1,4,9,5,95,Isolate1CFUFreqT0,0.0367960795910606
C11R1,4,9,50,50,Isolate1CFUFreqT0,0.420569773056493
C11R1,4,9,95,5,Isolate1CFUFreqT0,0.932390557214491
C11R1,5,6,5,95,Isolate1CFUFreqT0,0.0433931674612941
C11R1,5,6,50,50,Isolate1CFUFreqT0,0.462905407875974
C11R1,5,6,95,5,Isolate1CFUFreqT0,0.94244776259751
C11R1,5,7,5,95,Isolate1CFUFreqT0,0.0458132817875922
C11R1,5,7,50,50,Isolate1CFUFreqT0,0.477054540395141
C11R1,5,7,95,5,Isolate1CFUFreqT0,0.945452544451405
C11R1,5,8,5,95,Isolate1CFUFreqT0,0.000200054801741899
C11R1,5,8,50,50,Isolate1CFUFreqT0,0.00378740284683455
C11R1,5,8,95,5,Isolate1CFUFreqT0,0.0673679611487338
C11R1,5,9,5,95,Isolate1CFUFreqT0,0.0138131622508814
C11R1,5,9,50,50,Isolate1CFUFreqT0,0.210189269958731
C11R1,5,9,95,5,Isolate1CFUFreqT0,0.834885312230387
C11R1,6,7,5,95,Isolate1CFUFreqT0,0.0527682633812179
C11R1,6,7,50,50,Isolate1CFUFreqT0,0.514197469363356
C11R1,6,7,95,5,Isolate1CFUFreqT0,0.952630300675184
C11R1,6,8,5,95,Isolate1CFUFreqT0,0.00023210985519736
C11R1,6,8,50,50,Isolate1CFUFreqT0,0.00439173866389371
C11R1,6,8,95,5,Isolate1CFUFreqT0,0.077329998052141
C11R1,6,9,5,95,Isolate1CFUFreqT0,0.0159915755068219
C11R1,6,9,50,50,Isolate1CFUFreqT0,0.235928347058324
C11R1,6,9,95,5,Isolate1CFUFreqT0,0.854371288490478
C11R1,7,8,5,95,Isolate1CFUFreqT0,0.000219295128967662
C11R1,7,8,50,50,Isolate1CFUFreqT0,0.00415022521525674
C11R1,7,8,95,5,Isolate1CFUFreqT0,0.0733730172558533
C11R1,7,9,5,95,Isolate1CFUFreqT0,0.0151218448898868
C11R1,7,9,50,50,Isolate1CFUFreqT0,0.225842310033612
C11R1,7,9,95,5,Isolate1CFUFreqT0,0.847160317070494
C11R1,8,9,5,95,Isolate1CFUFreqT0,0.786516853932584
C11R1,8,9,50,50,Isolate1CFUFreqT0,0.985915492957746
C11R1,8,9,95,5,Isolate1CFUFreqT0,0.999248685199098
C11R2,1,2,5,95,Isolate1CFUFreqT0,0.00725865339540459
C11R2,1,2,50,50,Isolate1CFUFreqT0,0.121977368581578
C11R2,1,2,95,5,Isolate1CFUFreqT0,0.725239499569542
C11R2,1,3,5,95,Isolate1CFUFreqT0,0.0465687526774382
C11R2,1,3,50,50,Isolate1CFUFreqT0,0.481334037453793
C11R2,1,3,95,5,Isolate1CFUFreqT0,0.946330165322259
C11R2,1,4,5,95,Isolate1CFUFreqT0,0.0987619216561971
C11R2,1,4,50,50,Isolate1CFUFreqT0,0.675546911245138
C11R2,1,4,95,5,Isolate1CFUFreqT0,0.975345218466612
C11R2,1,5,5,95,Isolate1CFUFreqT0,0.0726865199645669
C11R2,1,5,50,50,Isolate1CFUFreqT0,0.598279929979452
C11R2,1,5,95,5,Isolate1CFUFreqT0,0.96586636522252
C11R2,1,6,5,95,Isolate1CFUFreqT0,0.120020945433535
C11R2,1,6,50,50,Isolate1CFUFreqT0,0.721558836300478
C11R2,1,6,95,5,Isolate1CFUFreqT0,0.980094367443232
C11R2,1,7,5,95,Isolate1CFUFreqT0,0.0382115917309588
C11R2,1,7,50,50,Isolate1CFUFreqT0,0.430155540671282
C11R2,1,7,95,5,Isolate1CFUFreqT0,0.934821284166263
C11R2,1,8,5,95,Isolate1CFUFreqT0,0.0152989825867441
C11R2,1,8,50,50,Isolate1CFUFreqT0,0.227916608973626
C11R2,1,8,95,5,Isolate1CFUFreqT0,0.848685242888207
C11R2,1,9,5,95,Isolate1CFUFreqT0,1
C11R2,1,9,50,50,Isolate1CFUFreqT0,1
C11R2,1,9,95,5,Isolate1CFUFreqT0,1
C11R2,1,10,5,95,Isolate1CFUFreqT0,0.0257383203296839
C11R2,1,10,50,50,Isolate1CFUFreqT0,0.334197708238429
C11R2,1,10,95,5,Isolate1CFUFreqT0,0.905096327227864
C11R2,1,11,5,95,Isolate1CFUFreqT0,0.0648701095348346
C11R2,1,11,50,50,Isolate1CFUFreqT0,0.568599761999207
C11R2,1,11,95,5,Isolate1CFUFreqT0,0.96160141680307
C11R2,1,12,5,95,Isolate1CFUFreqT0,0.046600917811025
C11R2,1,12,50,50,Isolate1CFUFreqT0,0.4815148376638
C11R2,1,12,95,5,Isolate1CFUFreqT0,0.946366935127002
C11R2,2,3,5,95,Isolate1CFUFreqT0,0.260128516176187
C11R2,2,3,50,50,Isolate1CFUFreqT0,0.869793964902753
C11R2,2,3,95,5,Isolate1CFUFreqT0,0.992182771529475
C11R2,2,4,5,95,Isolate1CFUFreqT0,0.440971429764022
C11R2,2,4,50,50,Isolate1CFUFreqT0,0.937451248956996
C11R2,2,4,95,5,Isolate1CFUFreqT0,0.996500597379888
C11R2,2,5,5,95,Isolate1CFUFreqT0,0.360706539238241
C11R2,2,5,50,50,Isolate1CFUFreqT0,0.91467802660906
C11R2,2,5,95,5,Isolate1CFUFreqT0,0.995114465506075
C11R2,2,6,5,95,Isolate1CFUFreqT0,0.495401382816034
C11R2,2,6,50,50,Isolate1CFUFreqT0,0.949118969999587
C11R2,2,6,95,5,Isolate1CFUFreqT0,0.997186428224255
C11R2,2,7,5,95,Isolate1CFUFreqT0,0.222385469629929
C11R2,2,7,50,50,Isolate1CFUFreqT0,0.844568439603504
C11R2,2,7,95,5,Isolate1CFUFreqT0,0.990406780915591
C11R2,2,8,5,95,Isolate1CFUFreqT0,0.100587399700541
C11R2,2,8,50,50,Isolate1CFUFreqT0,0.679989618479107
C11R2,2,8,95,5,Isolate1CFUFreqT0,0.975829690471056
C11R2,2,9,5,95,Isolate1CFUFreqT0,1
C11R2,2,9,50,50,Isolate1CFUFreqT0,1
C11R2,2,9,95,5,Isolate1CFUFreqT0,1
C11R2,2,10,5,95,Isolate1CFUFreqT0,0.159780503550679
C11R2,2,10,50,50,Isolate1CFUFreqT0,0.783227848101267
C11R2,2,10,95,5,Isolate1CFUFreqT0,0.985642422972123
C11R2,2,11,5,95,Isolate1CFUFreqT0,0.333041295509153
C11R2,2,11,50,50,Isolate1CFUFreqT0,0.904648580504239
C11R2,2,11,95,5,Isolate1CFUFreqT0,0.994483151150717
C11R2,2,12,5,95,Isolate1CFUFreqT0,0.260267921204941
C11R2,2,12,50,50,Isolate1CFUFreqT0,0.86987596039008
C11R2,2,12,95,5,Isolate1CFUFreqT0,0.992188386512561
C11R2,3,4,5,95,Isolate1CFUFreqT0,0.10561284169231
C11R2,3,4,50,50,Isolate1CFUFreqT0,0.691700256936095
C11R2,3,4,95,5,Isolate1CFUFreqT0,0.977079116391963
C11R2,3,5,5,95,Isolate1CFUFreqT0,0.0778849570870862
C11R2,3,5,50,50,Isolate1CFUFreqT0,0.616093999635974
C11R2,3,5,95,5,Isolate1CFUFreqT0,0.968245179399765
C11R2,3,6,5,95,Isolate1CFUFreqT0,0.128136891586042
C11R2,3,6,50,50,Isolate1CFUFreqT0,0.736315563813063
C11R2,3,6,95,5,Isolate1CFUFreqT0,0.981500606619674
C11R2,3,7,5,95,Isolate1CFUFreqT0,0.0410535865378448
C11R2,3,7,50,50,Isolate1CFUFreqT0,0.448553215632614
C11R2,3,7,95,5,Isolate1CFUFreqT0,0.939227535373672
C11R2,3,8,5,95,Isolate1CFUFreqT0,0.0164660225554881
C11R2,3,8,50,50,Isolate1CFUFreqT0,0.241327697090317
C11R2,3,8,95,5,Isolate1CFUFreqT0,0.858030182244616
C11R2,3,9,5,95,Isolate1CFUFreqT0,1
C11R2,3,9,50,50,Isolate1CFUFreqT0,1
C11R2,3,9,95,5,Isolate1CFUFreqT0,1
C11R2,3,10,5,95,Isolate1CFUFreqT0,0.0276793114122241
C11R2,3,10,50,50,Isolate1CFUFreqT0,0.351019374445993
C11R2,3,10,95,5,Isolate1CFUFreqT0,0.911321440312841
C11R2,3,11,5,95,Isolate1CFUFreqT0,0.0695514562085741
C11R2,3,11,50,50,Isolate1CFUFreqT0,0.586821033950943
C11R2,3,11,95,5,Isolate1CFUFreqT0,0.964266463975034
C11R2,3,12,5,95,Isolate1CFUFreqT0,0.0500344107313184
C11R2,3,12,50,50,Isolate1CFUFreqT0,0.500181050090524
C11R2,3,12,95,5,Isolate1CFUFreqT0,0.950034388310387
C11R2,4,5,5,95,Isolate1CFUFreqT0,0.0362805874939686
C11R2,4,5,50,50,Isolate1CFUFreqT0,0.417005488432001
C11R2,4,5,95,5,Isolate1CFUFreqT0,0.931461587051909
C11R2,4,6,5,95,Isolate1CFUFreqT0,0.0614787752844768
C11R2,4,6,50,50,Isolate1CFUFreqT0,0.554489117291416
C11R2,4,6,95,5,Isolate1CFUFreqT0,0.959428209610594
C11R2,4,7,5,95,Isolate1CFUFreqT0,0.0187241918711182
C11R2,4,7,50,50,Isolate1CFUFreqT0,0.266080936426954
C11R2,4,7,95,5,Isolate1CFUFreqT0,0.873231793263586
C11R2,4,8,5,95,Isolate1CFUFreqT0,0.00740671945018462
C11R2,4,8,50,50,Isolate1CFUFreqT0,0.124172829894901
C11R2,4,8,95,5,Isolate1CFUFreqT0,0.72927445554085
C11R2,4,9,5,95,Isolate1CFUFreqT0,1
C11R2,4,9,50,50,Isolate1CFUFreqT0,1
C11R2,4,9,95,5,Isolate1CFUFreqT0,1
C11R2,4,10,5,95,Isolate1CFUFreqT0,0.0125292541679876
C11R2,4,10,50,50,Isolate1CFUFreqT0,0.194247790332205
C11R2,4,10,95,5,Isolate1CFUFreqT0,0.820802994094708
C11R2,4,11,5,95,Isolate1CFUFreqT0,0.0322429978912773
C11R2,4,11,50,50,Isolate1CFUFreqT0,0.387640504493204
C11R2,4,11,95,5,Isolate1CFUFreqT0,0.923239453056381
C11R2,4,12,5,95,Isolate1CFUFreqT0,0.0229371080549029
C11R2,4,12,50,50,Isolate1CFUFreqT0,0.308454200966941
C11R2,4,12,95,5,Isolate1CFUFreqT0,0.894455545850135
C11R2,5,6,5,95,Isolate1CFUFreqT0,0.0838972969140227
C11R2,5,6,50,50,Isolate1CFUFreqT0,0.635040849185998
C11R2,5,6,95,5,Isolate1CFUFreqT0,0.970640582199174
C11R2,5,7,5,95,Isolate1CFUFreqT0,0.0259836951845048
C11R2,5,7,50,50,Isolate1CFUFreqT0,0.336368479682279
C11R2,5,7,95,5,Isolate1CFUFreqT0,0.905929684120914
C11R2,5,8,5,95,Isolate1CFUFreqT0,0.0103245246995865
C11R2,5,8,50,50,Isolate1CFUFreqT0,0.165423438509981
C11R2,5,8,95,5,Isolate1CFUFreqT0,0.790182027376446
C11R2,5,9,5,95,Isolate1CFUFreqT0,1
C11R2,5,9,50,50,Isolate1CFUFreqT0,1
C11R2,5,9,95,5,Isolate1CFUFreqT0,1
C11R2,5,10,5,95,Isolate1CFUFreqT0,0.0174295973476684
C11R2,5,10,50,50,Isolate1CFUFreqT0,0.252077409988067
C11R2,5,10,95,5,Isolate1CFUFreqT0,0.864932371837208
C11R2,5,11,5,95,Isolate1CFUFreqT0,0.0445061163738972
C11R2,5,11,50,50,Isolate1CFUFreqT0,0.469497235942559
C11R2,5,11,95,5,Isolate1CFUFreqT0,0.943867785757549
C11R2,5,12,5,95,Isolate1CFUFreqT0,0.0317770947451209
C11R2,5,12,50,50,Isolate1CFUFreqT0,0.384077304217204
C11R2,5,12,95,5,Isolate1CFUFreqT0,0.922167038284683
C11R2,6,7,5,95,Isolate1CFUFreqT0,0.0150997421858834
C11R2,6,7,50,50,Isolate1CFUFreqT0,0.225582755451584
C11R2,6,7,95,5,Isolate1CFUFreqT0,0.846967920883621
C11R2,6,8,5,95,Isolate1CFUFreqT0,0.00595969246167144
C11R2,6,8,50,50,Isolate1CFUFreqT0,0.102263856362217
C11R2,6,8,95,5,Isolate1CFUFreqT0,0.683979115141522
C11R2,6,9,5,95,Isolate1CFUFreqT0,1
C11R2,6,9,50,50,Isolate1CFUFreqT0,1
C11R2,6,9,95,5,Isolate1CFUFreqT0,1
C11R2,6,10,5,95,Isolate1CFUFreqT0,0.0100916288183394
C11R2,6,10,50,50,Isolate1CFUFreqT0,0.162265525405209
C11R2,6,10,95,5,Isolate1CFUFreqT0,0.786334711319616
C11R2,6,11,5,95,Isolate1CFUFreqT0,0.0260712333375383
C11R2,6,11,50,50,Isolate1CFUFreqT0,0.337139749864056
C11R2,6,11,95,5,Isolate1CFUFreqT0,0.906223555658127
C11R2,6,12,5,95,Isolate1CFUFreqT0,0.0185125473932331
C11R2,6,12,50,50,Isolate1CFUFreqT0,0.263825067342734
C11R2,6,12,95,5,Isolate1CFUFreqT0,0.871943992723464
C11R2,7,8,5,95,Isolate1CFUFreqT0,0.0201669879933211
C11R2,7,8,50,50,Isolate1CFUFreqT0,0.281123364555654
C11R2,7,8,95,5,Isolate1CFUFreqT0,0.881377809918045
C11R2,7,9,5,95,Isolate1CFUFreqT0,1
C11R2,7,9,50,50,Isolate1CFUFreqT0,1
C11R2,7,9,95,5,Isolate1CFUFreqT0,1
C11R2,7,10,5,95,Isolate1CFUFreqT0,0.0338139685074206
C11R2,7,10,50,50,Isolate1CFUFreqT0,0.399381362803688
C11R2,7,10,95,5,Isolate1CFUFreqT0,0.926654222333056
C11R2,7,11,5,95,Isolate1CFUFreqT0,0.0841630849243453
C11R2,7,11,50,50,Isolate1CFUFreqT0,0.635840798045602
C11R2,7,11,95,5,Isolate1CFUFreqT0,0.970738829226
C11R2,7,12,5,95,Isolate1CFUFreqT0,0.0608138145364223
C11R2,7,12,50,50,Isolate1CFUFreqT0,0.551625910991083
C11R2,7,12,95,5,Isolate1CFUFreqT0,0.958974914446449
C11R2,8,9,5,95,Isolate1CFUFreqT0,1
C11R2,8,9,50,50,Isolate1CFUFreqT0,1
C11R2,8,9,95,5,Isolate1CFUFreqT0,1
C11R2,8,10,5,95,Isolate1CFUFreqT0,0.0821425278878956
C11R2,8,10,50,50,Isolate1CFUFreqT0,0.629681978798588
C11R2,8,10,95,5,Isolate1CFUFreqT0,0.969976508336676
C11R2,8,11,5,95,Isolate1CFUFreqT0,0.190280940601656
C11R2,8,11,50,50,Isolate1CFUFreqT0,0.817014996178478
C11R2,8,11,95,5,Isolate1CFUFreqT0,0.988349556920712
C11R2,8,12,5,95,Isolate1CFUFreqT0,0.142058058659313
C11R2,8,12,50,50,Isolate1CFUFreqT0,0.75880487093481
C11R2,8,12,95,5,Isolate1CFUFreqT0,0.983545701686096
C11R2,9,10,5,95,Isolate1CFUFreqT0,0
C11R2,9,10,50,50,Isolate1CFUFreqT0,0
C11R2,9,10,95,5,Isolate1CFUFreqT0,0
C11R2,9,11,5,95,Isolate1CFUFreqT0,0
C11R2,9,11,50,50,Isolate1CFUFreqT0,0
C11R2,9,11,95,5,Isolate1CFUFreqT0,0
C11R2,9,12,5,95,Isolate1CFUFreqT0,0
C11R2,9,12,50,50,Isolate1CFUFreqT0,0
C11R2,9,12,95,5,Isolate1CFUFreqT0,0
C11R2,10,11,5,95,Isolate1CFUFreqT0,0.121421374274531
C11R2,10,11,50,50,Isolate1CFUFreqT0,0.724201771958206
C11R2,10,11,95,5,Isolate1CFUFreqT0,0.980350138127007
C11R2,10,12,5,95,Isolate1CFUFreqT0,0.0887371031412928
C11R2,10,12,50,50,Isolate1CFUFreqT0,0.649145584055579
C11R2,10,12,95,5,Isolate1CFUFreqT0,0.97234017244861
C11R2,11,12,5,95,Isolate1CFUFreqT0,0.0357584979364252
C11R2,11,12,50,50,Isolate1CFUFreqT0,0.413354568236644
C11R2,11,12,95,5,Isolate1CFUFreqT0,0.930495395125687
C11R5,1,2,5,95,Isolate1CFUFreqT0,0.120445945228972
C11R5,1,2,50,50,Isolate1CFUFreqT0,0.722365355203597
C11R5,1,2,95,5,Isolate1CFUFreqT0,0.980172602741735
C11R5,1,3,5,95,Isolate1CFUFreqT0,0.0556393751523577
C11R5,1,3,50,50,Isolate1CFUFreqT0,0.528175620739258
C11R5,1,3,95,5,Isolate1CFUFreqT0,0.955094970803398
C11R5,1,4,5,95,Isolate1CFUFreqT0,0.106097569332612
C11R5,1,4,50,50,Isolate1CFUFreqT0,0.69279130123501
C11R5,1,4,95,5,Isolate1CFUFreqT0,0.977193530277411
C11R5,1,5,5,95,Isolate1CFUFreqT0,0.0193186653307164
C11R5,1,5,50,50,Isolate1CFUFreqT0,0.272349071207431
C11R5,1,5,95,5,Isolate1CFUFreqT0,0.876717044225158
C11R5,2,3,5,95,Isolate1CFUFreqT0,0.0221430006025306
C11R5,2,3,50,50,Isolate1CFUFreqT0,0.300818553888131
C11R5,2,3,95,5,Isolate1CFUFreqT0,0.89100382815823
C11R5,2,4,5,95,Isolate1CFUFreqT0,0.0436273865050538
C11R5,2,4,50,50,Isolate1CFUFreqT0,0.464304942392592
C11R5,2,4,95,5,Isolate1CFUFreqT0,0.942752264018503
C11R5,2,5,5,95,Isolate1CFUFreqT0,0.00751432898192344
C11R5,2,5,50,50,Isolate1CFUFreqT0,0.125761950593519
C11R5,2,5,95,5,Isolate1CFUFreqT0,0.732134080408926
C11R5,3,4,5,95,Isolate1CFUFreqT0,0.0958631134256185
C11R5,3,4,50,50,Isolate1CFUFreqT0,0.668271902204112
C11R5,3,4,95,5,Isolate1CFUFreqT0,0.974539044396742
C11R5,3,5,5,95,Isolate1CFUFreqT0,0.0172931934412401
C11R5,3,5,50,50,Isolate1CFUFreqT0,0.25057295645531
C11R5,3,5,95,5,Isolate1CFUFreqT0,0.863995563565784
C11R5,4,5,5,95,Isolate1CFUFreqT0,0.0086597040905135
C11R5,4,5,50,50,Isolate1CFUFreqT0,0.142346208869814
C11R5,4,5,95,5,Isolate1CFUFreqT0,0.759236947791165
C1R2,1,2,5,95,Isolate1CFUFreqT8,1
C1R2,1,2,50,50,Isolate1CFUFreqT8,1
C1R2,1,2,95,5,Isolate1CFUFreqT8,1
C1R2,1,3,5,95,Isolate1CFUFreqT8,0
C1R2,1,3,50,50,Isolate1CFUFreqT8,0
C1R2,1,3,95,5,Isolate1CFUFreqT8,0.897435897435897
C1R2,1,4,5,95,Isolate1CFUFreqT8,1
C1R2,1,4,50,50,Isolate1CFUFreqT8,1
C1R2,1,4,95,5,Isolate1CFUFreqT8,1
C1R2,2,3,5,95,Isolate1CFUFreqT8,0
C1R2,2,3,50,50,Isolate1CFUFreqT8,0
C1R2,2,3,95,5,Isolate1CFUFreqT8,0
C1R2,2,4,5,95,Isolate1CFUFreqT8,0.6
C1R2,2,4,50,50,Isolate1CFUFreqT8,0.634615384615385
C1R2,2,4,95,5,Isolate1CFUFreqT8,0.855421686746988
C1R2,3,4,5,95,Isolate1CFUFreqT8,1
C1R2,3,4,50,50,Isolate1CFUFreqT8,1
C1R2,3,4,95,5,Isolate1CFUFreqT8,1
C1R4,1,2,5,95,Isolate1CFUFreqT8,0
C1R4,1,2,50,50,Isolate1CFUFreqT8,0
C1R4,1,2,95,5,Isolate1CFUFreqT8,0
C1R4,1,3,5,95,Isolate1CFUFreqT8,0
C1R4,1,3,50,50,Isolate1CFUFreqT8,0.938461538461539
C1R4,1,3,95,5,Isolate1CFUFreqT8,0.883333333333333
C1R4,1,4,5,95,Isolate1CFUFreqT8,0
C1R4,1,4,50,50,Isolate1CFUFreqT8,0
C1R4,1,4,95,5,Isolate1CFUFreqT8,0
C1R4,1,5,5,95,Isolate1CFUFreqT8,0
C1R4,1,5,50,50,Isolate1CFUFreqT8,0
C1R4,1,5,95,5,Isolate1CFUFreqT8,0
C1R4,2,3,5,95,Isolate1CFUFreqT8,1
C1R4,2,3,50,50,Isolate1CFUFreqT8,1
C1R4,2,3,95,5,Isolate1CFUFreqT8,1
C1R4,2,4,5,95,Isolate1CFUFreqT8,
C1R4,2,4,50,50,Isolate1CFUFreqT8,
C1R4,2,4,95,5,Isolate1CFUFreqT8,
C1R4,2,5,5,95,Isolate1CFUFreqT8,
C1R4,2,5,50,50,Isolate1CFUFreqT8,
C1R4,2,5,95,5,Isolate1CFUFreqT8,
C1R4,3,4,5,95,Isolate1CFUFreqT8,0
C1R4,3,4,50,50,Isolate1CFUFreqT8,0
C1R4,3,4,95,5,Isolate1CFUFreqT8,0
C1R4,3,5,5,95,Isolate1CFUFreqT8,0
C1R4,3,5,50,50,Isolate1CFUFreqT8,0
C1R4,3,5,95,5,Isolate1CFUFreqT8,0
C1R4,4,5,5,95,Isolate1CFUFreqT8,
C1R4,4,5,50,50,Isolate1CFUFreqT8,
C1R4,4,5,95,5,Isolate1CFUFreqT8,
C1R6,1,2,5,95,Isolate1CFUFreqT8,
C1R6,1,2,50,50,Isolate1CFUFreqT8,0
C1R6,1,2,95,5,Isolate1CFUFreqT8,0
C1R6,1,3,5,95,Isolate1CFUFreqT8,0
C1R6,1,3,50,50,Isolate1CFUFreqT8,0
C1R6,1,3,95,5,Isolate1CFUFreqT8,0
C1R6,1,4,5,95,Isolate1CFUFreqT8,0
C1R6,1,4,50,50,Isolate1CFUFreqT8,0
C1R6,1,4,95,5,Isolate1CFUFreqT8,0
C1R6,1,5,5,95,Isolate1CFUFreqT8,0
C1R6,1,5,50,50,Isolate1CFUFreqT8,0
C1R6,1,5,95,5,Isolate1CFUFreqT8,0
C1R6,2,3,5,95,Isolate1CFUFreqT8,1
C1R6,2,3,50,50,Isolate1CFUFreqT8,1
C1R6,2,3,95,5,Isolate1CFUFreqT8,1
C1R6,2,4,5,95,Isolate1CFUFreqT8,1
C1R6,2,4,50,50,Isolate1CFUFreqT8,1
C1R6,2,4,95,5,Isolate1CFUFreqT8,1
C1R6,2,5,5,95,Isolate1CFUFreqT8,1
C1R6,2,5,50,50,Isolate1CFUFreqT8,1
C1R6,2,5,95,5,Isolate1CFUFreqT8,0.849624060150376
C1R6,3,4,5,95,Isolate1CFUFreqT8,0.00746268656716418
C1R6,3,4,50,50,Isolate1CFUFreqT8,0.471074380165289
C1R6,3,4,95,5,Isolate1CFUFreqT8,0.0594059405940594
C1R6,3,5,5,95,Isolate1CFUFreqT8,0
C1R6,3,5,50,50,Isolate1CFUFreqT8,0
C1R6,3,5,95,5,Isolate1CFUFreqT8,0
C1R6,4,5,5,95,Isolate1CFUFreqT8,0
C1R6,4,5,50,50,Isolate1CFUFreqT8,0.0238095238095238
C1R6,4,5,95,5,Isolate1CFUFreqT8,0.903508771929825
C1R7,1,2,5,95,Isolate1CFUFreqT8,1
C1R7,1,2,50,50,Isolate1CFUFreqT8,1
C1R7,1,2,95,5,Isolate1CFUFreqT8,1
C1R7,1,3,5,95,Isolate1CFUFreqT8,1
C1R7,1,3,50,50,Isolate1CFUFreqT8,1
C1R7,1,3,95,5,Isolate1CFUFreqT8,1
C1R7,1,4,5,95,Isolate1CFUFreqT8,1
C1R7,1,4,50,50,Isolate1CFUFreqT8,1
C1R7,1,4,95,5,Isolate1CFUFreqT8,1
C1R7,1,5,5,95,Isolate1CFUFreqT8,1
C1R7,1,5,50,50,Isolate1CFUFreqT8,1
C1R7,1,5,95,5,Isolate1CFUFreqT8,1
C1R7,1,6,5,95,Isolate1CFUFreqT8,1
C1R7,1,6,50,50,Isolate1CFUFreqT8,1
C1R7,1,6,95,5,Isolate1CFUFreqT8,1
C1R7,1,7,5,95,Isolate1CFUFreqT8,0.140625
C1R7,1,7,50,50,Isolate1CFUFreqT8,0.285714285714286
C1R7,1,7,95,5,Isolate1CFUFreqT8,0.42962962962963
C1R7,2,3,5,95,Isolate1CFUFreqT8,0
C1R7,2,3,50,50,Isolate1CFUFreqT8,0
C1R7,2,3,95,5,Isolate1CFUFreqT8,0
C1R7,2,4,5,95,Isolate1CFUFreqT8,0
C1R7,2,4,50,50,Isolate1CFUFreqT8,0
C1R7,2,4,95,5,Isolate1CFUFreqT8,0
C1R7,2,5,5,95,Isolate1CFUFreqT8,0
C1R7,2,5,50,50,Isolate1CFUFreqT8,0
C1R7,2,5,95,5,Isolate1CFUFreqT8,0
C1R7,2,6,5,95,Isolate1CFUFreqT8,0
C1R7,2,6,50,50,Isolate1CFUFreqT8,0
C1R7,2,6,95,5,Isolate1CFUFreqT8,0
C1R7,2,7,5,95,Isolate1CFUFreqT8,0
C1R7,2,7,50,50,Isolate1CFUFreqT8,0
C1R7,2,7,95,5,Isolate1CFUFreqT8,0
C1R7,3,4,5,95,Isolate1CFUFreqT8,0
C1R7,3,4,50,50,Isolate1CFUFreqT8,0
C1R7,3,4,95,5,Isolate1CFUFreqT8,0.285714285714286
C1R7,3,5,5,95,Isolate1CFUFreqT8,0.25
C1R7,3,5,50,50,Isolate1CFUFreqT8,0.342857142857143
C1R7,3,5,95,5,Isolate1CFUFreqT8,0.392857142857143
C1R7,3,6,5,95,Isolate1CFUFreqT8,0.464285714285714
C1R7,3,6,50,50,Isolate1CFUFreqT8,0.428571428571429
C1R7,3,6,95,5,Isolate1CFUFreqT8,0.490566037735849
C1R7,3,7,5,95,Isolate1CFUFreqT8,0
C1R7,3,7,50,50,Isolate1CFUFreqT8,0
C1R7,3,7,95,5,Isolate1CFUFreqT8,0
C1R7,4,5,5,95,Isolate1CFUFreqT8,0.5375
C1R7,4,5,50,50,Isolate1CFUFreqT8,0.986013986013986
C1R7,4,5,95,5,Isolate1CFUFreqT8,1
C1R7,4,6,5,95,Isolate1CFUFreqT8,1
C1R7,4,6,50,50,Isolate1CFUFreqT8,1
C1R7,4,6,95,5,Isolate1CFUFreqT8,1
C1R7,4,7,5,95,Isolate1CFUFreqT8,0
C1R7,4,7,50,50,Isolate1CFUFreqT8,0
C1R7,4,7,95,5,Isolate1CFUFreqT8,0
C1R7,5,6,5,95,Isolate1CFUFreqT8,0
C1R7,5,6,50,50,Isolate1CFUFreqT8,0.489795918367347
C1R7,5,6,95,5,Isolate1CFUFreqT8,0.517857142857143
C1R7,5,7,5,95,Isolate1CFUFreqT8,0
C1R7,5,7,50,50,Isolate1CFUFreqT8,0
C1R7,5,7,95,5,Isolate1CFUFreqT8,0
C1R7,6,7,5,95,Isolate1CFUFreqT8,0
C1R7,6,7,50,50,Isolate1CFUFreqT8,0
C1R7,6,7,95,5,Isolate1CFUFreqT8,0
C2R6,1,2,5,95,Isolate1CFUFreqT8,0.939024390243902
C2R6,1,2,50,50,Isolate1CFUFreqT8,1
C2R6,1,2,95,5,Isolate1CFUFreqT8,1
C2R6,1,3,5,95,Isolate1CFUFreqT8,
C2R6,1,3,50,50,Isolate1CFUFreqT8,
C2R6,1,3,95,5,Isolate1CFUFreqT8,
C2R6,1,4,5,95,Isolate1CFUFreqT8,0
C2R6,1,4,50,50,Isolate1CFUFreqT8,0
C2R6,1,4,95,5,Isolate1CFUFreqT8,1
C2R6,2,3,5,95,Isolate1CFUFreqT8,0.148936170212766
C2R6,2,3,50,50,Isolate1CFUFreqT8,0.0297029702970297
C2R6,2,3,95,5,Isolate1CFUFreqT8,0.142857142857143
C2R6,2,4,5,95,Isolate1CFUFreqT8,0.490196078431373
C2R6,2,4,50,50,Isolate1CFUFreqT8,0.612903225806452
C2R6,2,4,95,5,Isolate1CFUFreqT8,0.857142857142857
C2R6,3,4,5,95,Isolate1CFUFreqT8,0
C2R6,3,4,50,50,Isolate1CFUFreqT8,0
C2R6,3,4,95,5,Isolate1CFUFreqT8,1
C2R8,1,2,5,95,Isolate1CFUFreqT8,0.0333333333333333
C2R8,1,2,50,50,Isolate1CFUFreqT8,0.269230769230769
C2R8,1,2,95,5,Isolate1CFUFreqT8,0.923076923076923
C2R8,1,3,5,95,Isolate1CFUFreqT8,1
C2R8,1,3,50,50,Isolate1CFUFreqT8,1
C2R8,1,3,95,5,Isolate1CFUFreqT8,0.982142857142857
C2R8,1,4,5,95,Isolate1CFUFreqT8,1
C2R8,1,4,50,50,Isolate1CFUFreqT8,1
C2R8,1,4,95,5,Isolate1CFUFreqT8,0.988372093023256
C2R8,2,3,5,95,Isolate1CFUFreqT8,1
C2R8,2,3,50,50,Isolate1CFUFreqT8,1
C2R8,2,3,95,5,Isolate1CFUFreqT8,1
C2R8,2,4,5,95,Isolate1CFUFreqT8,1
C2R8,2,4,50,50,Isolate1CFUFreqT8,1
C2R8,2,4,95,5,Isolate1CFUFreqT8,1
C2R8,3,4,5,95,Isolate1CFUFreqT8,
C2R8,3,4,50,50,Isolate1CFUFreqT8,
C2R8,3,4,95,5,Isolate1CFUFreqT8,
C4R1,1,2,5,95,Isolate1CFUFreqT8,0
C4R1,1,2,50,50,Isolate1CFUFreqT8,0.992537313432836
C4R1,1,2,95,5,Isolate1CFUFreqT8,0.928571428571429
C4R1,1,3,5,95,Isolate1CFUFreqT8,
C4R1,1,3,50,50,Isolate1CFUFreqT8,
C4R1,1,3,95,5,Isolate1CFUFreqT8,
C4R1,2,3,5,95,Isolate1CFUFreqT8,0.952380952380952
C4R1,2,3,50,50,Isolate1CFUFreqT8,1
C4R1,2,3,95,5,Isolate1CFUFreqT8,1
C7R1,1,2,5,95,Isolate1CFUFreqT8,1
C7R1,1,2,50,50,Isolate1CFUFreqT8,1
C7R1,1,2,95,5,Isolate1CFUFreqT8,1
C7R1,1,3,5,95,Isolate1CFUFreqT8,
C7R1,1,3,50,50,Isolate1CFUFreqT8,
C7R1,1,3,95,5,Isolate1CFUFreqT8,
C7R1,1,4,5,95,Isolate1CFUFreqT8,
C7R1,1,4,50,50,Isolate1CFUFreqT8,
C7R1,1,4,95,5,Isolate1CFUFreqT8,
C7R1,2,3,5,95,Isolate1CFUFreqT8,0
C7R1,2,3,50,50,Isolate1CFUFreqT8,0
C7R1,2,3,95,5,Isolate1CFUFreqT8,0
C7R1,2,4,5,95,Isolate1CFUFreqT8,0
C7R1,2,4,50,50,Isolate1CFUFreqT8,0
C7R1,2,4,95,5,Isolate1CFUFreqT8,0
C7R1,3,4,5,95,Isolate1CFUFreqT8,
C7R1,3,4,50,50,Isolate1CFUFreqT8,
C7R1,3,4,95,5,Isolate1CFUFreqT8,
C8R4,1,2,5,95,Isolate1CFUFreqT8,0.160377358490566
C8R4,1,2,50,50,Isolate1CFUFreqT8,0.184684684684685
C8R4,1,2,95,5,Isolate1CFUFreqT8,0.28125
C8R4,1,3,5,95,Isolate1CFUFreqT8,
C8R4,1,3,50,50,Isolate1CFUFreqT8,
C8R4,1,3,95,5,Isolate1CFUFreqT8,
C8R4,2,3,5,95,Isolate1CFUFreqT8,0.801587301587302
C8R4,2,3,50,50,Isolate1CFUFreqT8,0.66
C8R4,2,3,95,5,Isolate1CFUFreqT8,0.741935483870968
C10R2,1,2,5,95,Isolate1CFUFreqT8,0
C10R2,1,2,50,50,Isolate1CFUFreqT8,0
C10R2,1,2,95,5,Isolate1CFUFreqT8,0
C10R2,1,3,5,95,Isolate1CFUFreqT8,1
C10R2,1,3,50,50,Isolate1CFUFreqT8,1
C10R2,1,3,95,5,Isolate1CFUFreqT8,1
C10R2,2,3,5,95,Isolate1CFUFreqT8,1
C10R2,2,3,50,50,Isolate1CFUFreqT8,0.990825688073395
C10R2,2,3,95,5,Isolate1CFUFreqT8,0.967213114754098
C11R1,1,2,5,95,Isolate1CFUFreqT8,0.305555555555556
C11R1,1,2,50,50,Isolate1CFUFreqT8,
C11R1,1,2,95,5,Isolate1CFUFreqT8,0.488888888888889
C11R1,1,3,5,95,Isolate1CFUFreqT8,1
C11R1,1,3,50,50,Isolate1CFUFreqT8,
C11R1,1,3,95,5,Isolate1CFUFreqT8,1
C11R1,1,4,5,95,Isolate1CFUFreqT8,0
C11R1,1,4,50,50,Isolate1CFUFreqT8,
C11R1,1,4,95,5,Isolate1CFUFreqT8,0
C11R1,1,5,5,95,Isolate1CFUFreqT8,0
C11R1,1,5,50,50,Isolate1CFUFreqT8,0.125
C11R1,1,5,95,5,Isolate1CFUFreqT8,0.116666666666667
C11R1,1,6,5,95,Isolate1CFUFreqT8,1
C11R1,1,6,50,50,Isolate1CFUFreqT8,0.0576923076923077
C11R1,1,6,95,5,Isolate1CFUFreqT8,0.0612244897959184
C11R1,1,7,5,95,Isolate1CFUFreqT8,0.0679611650485437
C11R1,1,7,50,50,Isolate1CFUFreqT8,0.00892857142857143
C11R1,1,7,95,5,Isolate1CFUFreqT8,0.0588235294117647
C11R1,1,8,5,95,Isolate1CFUFreqT8,0.238805970149254
C11R1,1,8,50,50,Isolate1CFUFreqT8,0.0203045685279188
C11R1,1,8,95,5,Isolate1CFUFreqT8,0.145631067961165
C11R1,1,9,5,95,Isolate1CFUFreqT8,0.0125
C11R1,1,9,50,50,Isolate1CFUFreqT8,0.012987012987013
C11R1,1,9,95,5,Isolate1CFUFreqT8,0.0892857142857143
C11R1,2,3,5,95,Isolate1CFUFreqT8,0.928571428571429
C11R1,2,3,50,50,Isolate1CFUFreqT8,1
C11R1,2,3,95,5,Isolate1CFUFreqT8,0.9375
C11R1,2,4,5,95,Isolate1CFUFreqT8,0.239130434782609
C11R1,2,4,50,50,Isolate1CFUFreqT8,0.458333333333333
C11R1,2,4,95,5,Isolate1CFUFreqT8,0.457142857142857
C11R1,2,5,5,95,Isolate1CFUFreqT8,0
C11R1,2,5,50,50,Isolate1CFUFreqT8,0
C11R1,2,5,95,5,Isolate1CFUFreqT8,0
C11R1,2,6,5,95,Isolate1CFUFreqT8,0
C11R1,2,6,50,50,Isolate1CFUFreqT8,0
C11R1,2,6,95,5,Isolate1CFUFreqT8,0
C11R1,2,7,5,95,Isolate1CFUFreqT8,0
C11R1,2,7,50,50,Isolate1CFUFreqT8,0
C11R1,2,7,95,5,Isolate1CFUFreqT8,0
C11R1,2,8,5,95,Isolate1CFUFreqT8,
C11R1,2,8,50,50,Isolate1CFUFreqT8,
C11R1,2,8,95,5,Isolate1CFUFreqT8,
C11R1,2,9,5,95,Isolate1CFUFreqT8,
C11R1,2,9,50,50,Isolate1CFUFreqT8,
C11R1,2,9,95,5,Isolate1CFUFreqT8,
C11R1,3,4,5,95,Isolate1CFUFreqT8,0.28
C11R1,3,4,50,50,Isolate1CFUFreqT8,0.136363636363636
C11R1,3,4,95,5,Isolate1CFUFreqT8,0.25
C11R1,3,5,5,95,Isolate1CFUFreqT8,0
C11R1,3,5,50,50,Isolate1CFUFreqT8,0
C11R1,3,5,95,5,Isolate1CFUFreqT8,0
C11R1,3,6,5,95,Isolate1CFUFreqT8,0
C11R1,3,6,50,50,Isolate1CFUFreqT8,0
C11R1,3,6,95,5,Isolate1CFUFreqT8,0
C11R1,3,7,5,95,Isolate1CFUFreqT8,0
C11R1,3,7,50,50,Isolate1CFUFreqT8,0
C11R1,3,7,95,5,Isolate1CFUFreqT8,0
C11R1,3,8,5,95,Isolate1CFUFreqT8,0.0350877192982456
C11R1,3,8,50,50,Isolate1CFUFreqT8,0.0444444444444444
C11R1,3,8,95,5,Isolate1CFUFreqT8,0.0588235294117647
C11R1,3,9,5,95,Isolate1CFUFreqT8,0
C11R1,3,9,50,50,Isolate1CFUFreqT8,0.0227272727272727
C11R1,3,9,95,5,Isolate1CFUFreqT8,0
C11R1,4,5,5,95,Isolate1CFUFreqT8,0
C11R1,4,5,50,50,Isolate1CFUFreqT8,0
C11R1,4,5,95,5,Isolate1CFUFreqT8,0
C11R1,4,6,5,95,Isolate1CFUFreqT8,0
C11R1,4,6,50,50,Isolate1CFUFreqT8,0
C11R1,4,6,95,5,Isolate1CFUFreqT8,0
C11R1,4,7,5,95,Isolate1CFUFreqT8,0
C11R1,4,7,50,50,Isolate1CFUFreqT8,0
C11R1,4,7,95,5,Isolate1CFUFreqT8,0
C11R1,4,8,5,95,Isolate1CFUFreqT8,0.514285714285714
C11R1,4,8,50,50,Isolate1CFUFreqT8,0.673076923076923
C11R1,4,8,95,5,Isolate1CFUFreqT8,0.538461538461538
C11R1,4,9,5,95,Isolate1CFUFreqT8,1
C11R1,4,9,50,50,Isolate1CFUFreqT8,0.944444444444444
C11R1,4,9,95,5,Isolate1CFUFreqT8,1
C11R1,5,6,5,95,Isolate1CFUFreqT8,0.0194174757281553
C11R1,5,6,50,50,Isolate1CFUFreqT8,0.126582278481013
C11R1,5,6,95,5,Isolate1CFUFreqT8,0.40625
C11R1,5,7,5,95,Isolate1CFUFreqT8,0
C11R1,5,7,50,50,Isolate1CFUFreqT8,0.160493827160494
C11R1,5,7,95,5,Isolate1CFUFreqT8,0.416666666666667
C11R1,5,8,5,95,Isolate1CFUFreqT8,1
C11R1,5,8,50,50,Isolate1CFUFreqT8,1
C11R1,5,8,95,5,Isolate1CFUFreqT8,1
C11R1,5,9,5,95,Isolate1CFUFreqT8,1
C11R1,5,9,50,50,Isolate1CFUFreqT8,1
C11R1,5,9,95,5,Isolate1CFUFreqT8,1
C11R1,6,7,5,95,Isolate1CFUFreqT8,0.346153846153846
C11R1,6,7,50,50,Isolate1CFUFreqT8,0.358490566037736
C11R1,6,7,95,5,Isolate1CFUFreqT8,0.247311827956989
C11R1,6,8,5,95,Isolate1CFUFreqT8,1
C11R1,6,8,50,50,Isolate1CFUFreqT8,1
C11R1,6,8,95,5,Isolate1CFUFreqT8,1
C11R1,6,9,5,95,Isolate1CFUFreqT8,1
C11R1,6,9,50,50,Isolate1CFUFreqT8,1
C11R1,6,9,95,5,Isolate1CFUFreqT8,1
C11R1,7,8,5,95,Isolate1CFUFreqT8,1
C11R1,7,8,50,50,Isolate1CFUFreqT8,1
C11R1,7,8,95,5,Isolate1CFUFreqT8,1
